278 185 324 230 1
310 185 355 233 1
345 185 388 233 1
375 184 421 232 1
409 187 452 232 1
461 184 503 230 1
500 186 535 229 1
534 186 567 232 1
565 184 599 230 1
598 186 634 230 1
632 187 664 226 1
665 186 699 227 1
702 184 734 222 1
735 182 772 225 1
775 182 807 225 1
807 183 842 222 1
844 183 879 222 1
880 182 915 219 1
917 182 956 222 1
956 177 992 222 1
987 180 1027 219 1
1022 175 1068 220 1
226 267 280 310 1
259 265 312 310 1
295 266 344 312 1
335 268 386 310 1
377 268 424 312 1
426 269 471 310 1
458 267 503 311 1
503 264 546 306 1
537 266 580 307 1
573 263 618 308 1
614 263 655 307 1
689 260 727 309 1
728 264 766 307 1
763 260 807 306 1
809 254 848 306 1
849 257 889 310 1
885 254 931 307 1
928 257 969 307 1
966 255 1014 309 1
1011 256 1054 307 1
1051 258 1098 306 1
202 304 249 361 1
234 305 291 363 1
272 301 323 361 1
307 308 359 365 1
349 306 396 364 1
410 307 449 368 1
443 306 497 366 1
481 309 529 365 1
523 304 571 364 1
565 310 604 364 1
606 310 648 364 1
643 312 685 363 1
690 310 724 361 1
725 311 766 362 1
767 310 804 362 1
808 308 848 360 1
851 311 891 362 1
888 311 934 359 1
934 309 976 362 1
972 307 1022 360 1
1017 311 1062 360 1
1059 304 1113 358 1
127 413 185 473 1
165 417 223 473 1
211 417 268 474 1
254 416 307 472 1
295 421 349 475 1
362 420 412 471 1
405 416 457 472 1
446 416 508 477 1
492 418 545 475 1
535 420 588 478 1
580 419 626 477 1
625 418 672 481 1
669 419 717 475 1
718 417 764 479 1
763 417 809 476 1
811 421 858 480 1
856 422 909 482 1
903 421 957 480 1
952 418 1004 482 1
997 419 1054 485 1
1045 417 1098 481 1
1089 416 1151 479 1
141 501 211 563 1
624 507 683 570 1
693 496 731 558 1
742 489 786 568 1
911 487 959 566 1
614 660 670 719 1
673 660 715 719 1
178 647 243 709 1
1121 555 1221 599 1
1135 597 1235 643 1
1171 650 1259 719 1
1237 406 1279 470 1
1207 338 1260 397 1
1181 280 1231 332 1
1158 231 1201 272 1
1137 192 1181 234 1
94 415 150 471 1
54 411 110 473 1
19 408 71 472 1
0 407 39 468 1
168 310 218 360 1
726 225 788 256 1
522 227 579 257 1
198 273 241 312 1
164 271 204 310 1
125 265 177 309 1
131 308 178 358 1
97 308 143 359 1
64 305 116 361 1
27 307 81 360 1
0 307 47 358 1
93 271 137 310 1
59 267 104 310 1
26 264 75 310 1
0 274 38 313 1
247 192 287 234 1
221 191 257 229 1
186 191 231 230 1
152 189 201 236 1
123 189 165 236 1
96 192 138 233 1
68 194 109 234 1
33 193 81 238 1
9 199 49 232 1
33 163 73 196 1
64 163 105 194 1
86 162 133 195 1
123 163 160 193 1
148 162 187 188 1
178 161 218 192 1
209 154 246 191 1
239 160 276 191 1
268 156 309 192 1
299 152 337 187 1
329 158 369 187 1
366 150 402 192 1
399 157 433 186 1
434 150 466 190 1
479 153 509 190 1
511 153 544 188 1
544 155 575 187 1
575 152 607 192 1
608 152 641 189 1
644 146 675 187 1
674 150 703 187 1
706 142 736 187 1
740 142 771 187 1
779 147 804 178 1
809 147 838 181 1
842 143 872 182 1
878 149 906 181 1
945 143 977 180 1
984 140 1017 183 1
1021 147 1055 177 1
1000 76 1032 118 1
991 52 1022 78 1
1061 3 1090 30 1
1031 3 1062 31 1
1004 1 1036 32 1
978 0 1002 33 1
948 0 976 37 1
917 0 941 36 1
889 5 914 36 1
863 4 890 38 1
835 10 863 38 1
809 8 834 38 1
782 7 807 39 1
754 9 778 41 1
727 9 749 42 1
696 7 719 43 1
667 10 694 43 1
644 10 668 43 1
620 17 644 44 1
590 14 617 45 1
565 16 590 46 1
536 17 564 50 1
444 49 495 70 1
966 79 993 115 1
959 55 987 81 1
927 49 955 85 1
932 84 961 116 1
898 56 925 84 1
902 80 931 116 1
866 53 896 89 1
871 87 900 118 1
837 56 865 87 1
840 85 868 120 1
808 58 835 87 1
808 88 836 120 1
775 60 802 86 1
776 86 803 121 1
746 57 772 89 1
746 88 774 124 1
717 61 741 87 1
715 86 742 123 1
687 61 713 91 1
686 91 711 121 1
659 59 683 92 1
651 93 680 124 1
628 63 657 88 1
622 88 654 126 1
600 68 626 91 1
595 88 620 125 1
572 68 598 92 1
566 90 598 128 1
545 70 570 96 1
536 91 564 129 1
511 71 542 98 1
501 96 533 130 1
471 72 502 96 1
461 93 496 129 1
442 72 476 99 1
427 96 461 130 1
418 66 449 96 1
399 94 428 129 1
383 66 417 99 1
363 75 390 98 1
370 97 403 132 1
344 95 376 128 1
333 70 363 96 1
315 93 351 129 1
303 71 338 96 1
279 76 311 99 1
250 74 283 103 1
223 71 262 100 1
194 75 233 104 1
167 80 205 104 1
144 78 181 106 1
119 84 155 104 1
96 102 133 136 1
126 103 162 137 1
151 104 184 131 1
169 103 210 135 1
201 99 234 129 1
228 99 266 132 1
260 97 294 129 1
284 95 320 130 1
0 129 23 150 1
0 118 37 137 1
4 104 51 126 1
17 93 64 114 1
30 83 72 101 1
43 69 90 90 1
52 59 100 76 1
63 50 111 66 1
78 39 121 56 1
86 27 129 47 1
97 16 143 36 1
110 6 151 26 1
121 0 158 15 1
183 13 219 32 1
168 32 200 61 1
214 10 242 34 1
193 32 221 59 1
216 28 244 59 1
238 10 262 32 1
259 10 283 27 1
244 25 272 56 1
267 27 298 54 1
280 6 307 30 1
303 6 335 28 1
292 23 322 52 1
318 23 344 53 1
329 4 357 23 1
355 3 381 23 1
340 21 374 53 1
364 20 394 51 1
380 3 406 22 1
402 1 431 24 1
390 21 418 51 1
427 1 454 24 1
421 24 447 49 1
453 1 481 20 1
443 18 474 46 1
470 20 495 46 1
475 3 501 22 1
504 0 532 23 1
492 20 517 47 1
542 0 569 22 1
568 0 592 20 1
597 0 617 14 1
622 0 642 19 1
1106 505 1198 550 1
1125 137 1165 188 1
1090 0 1116 28 1
