278 185 324 230 1
310 185 355 233 1
345 185 388 233 1
375 184 421 232 1
409 187 452 232 1
461 184 503 230 1
500 186 535 229 1
534 186 567 232 1
565 184 599 230 1
598 186 634 230 1
632 187 664 226 1
665 186 699 227 1
702 184 734 222 1
735 182 772 225 1
775 182 807 225 1
807 183 842 222 1
844 183 879 222 1
880 182 915 219 1
917 182 956 222 1
956 177 992 222 1
987 180 1027 219 1
1022 175 1068 220 1
226 267 280 310 1
259 265 312 310 1
295 266 344 312 1
377 268 424 312 1
426 269 471 310 1
503 264 546 306 1
537 266 580 307 1
573 263 618 308 1
614 263 655 307 1
648 264 688 307 1
689 260 727 309 1
728 264 766 307 1
763 260 807 306 1
849 257 889 310 1
885 254 931 307 1
928 257 969 307 1
966 255 1014 309 1
1011 256 1054 307 1
1051 258 1098 306 1
202 304 249 361 1
234 305 291 363 1
272 301 323 361 1
307 308 359 365 1
349 306 396 364 1
410 307 449 368 1
443 306 497 366 1
481 309 529 365 1
523 304 571 364 1
565 310 604 364 1
606 310 648 364 1
643 312 685 363 1
690 310 724 361 1
725 311 766 362 1
767 310 804 362 1
808 308 848 360 1
851 311 891 362 1
888 311 934 359 1
934 309 976 362 1
972 307 1022 360 1
1017 311 1062 360 1
1059 304 1113 358 1
127 413 185 473 1
165 417 223 473 1
211 417 268 474 1
254 416 307 472 1
295 421 349 475 1
362 420 412 471 1
405 416 457 472 1
446 416 508 477 1
492 418 545 475 1
535 420 588 478 1
580 419 626 477 1
625 418 672 481 1
669 419 717 475 1
718 417 764 479 1
763 417 809 476 1
811 421 858 480 1
856 422 909 482 1
903 421 957 480 1
952 418 1004 482 1
997 419 1054 485 1
1045 417 1098 481 1
1089 416 1151 479 1
42 501 110 555 1
141 501 211 563 1
351 501 418 558 1
408 504 475 561 1
461 507 527 567 1
576 505 629 567 1
624 507 683 570 1
483 657 536 719 1
544 654 590 719 1
934 642 983 719 1
1032 498 1084 571 1
1112 505 1198 551 1
1121 548 1211 595 1
973 492 1017 567 1
913 490 957 563 1
861 493 906 569 1
739 489 781 562 1
681 488 722 563 1
0 491 63 560 1
89 410 145 472 1
51 419 102 468 1
11 411 67 473 1
0 415 31 470 1
1242 401 1279 474 1
1216 341 1272 406 1
1194 300 1241 352 1
1179 260 1219 307 1
1162 218 1204 262 1
193 268 238 310 1
164 307 215 359 1
131 308 174 359 1
120 255 182 312 1
93 310 142 359 1
58 308 112 359 1
26 311 77 354 1
58 269 105 315 1
27 273 74 311 1
0 264 41 313 1
0 310 47 357 1
1017 143 1052 176 1
981 143 1011 178 1
911 147 944 181 1
877 143 907 178 1
843 148 872 179 1
807 138 836 180 1
772 138 801 179 1
740 149 766 182 1
706 152 733 184 1
677 153 703 182 1
640 153 668 183 1
604 150 634 187 1
574 150 601 183 1
542 150 574 189 1
509 151 540 188 1
480 153 510 190 1
428 149 464 192 1
398 157 432 190 1
364 150 401 190 1
330 151 371 192 1
299 155 337 188 1
265 158 307 191 1
236 161 276 187 1
209 158 249 188 1
179 160 215 192 1
149 163 187 193 1
116 162 159 198 1
92 164 131 194 1
63 165 103 194 1
31 167 74 198 1
0 183 22 221 1
4 198 48 234 1
35 193 79 233 1
66 193 108 233 1
126 193 162 229 1
152 186 199 232 1
191 188 227 228 1
221 185 259 228 1
251 188 285 230 1
1000 74 1029 116 1
992 47 1018 83 1
961 54 988 81 1
965 79 997 116 1
935 78 965 119 1
929 52 957 80 1
898 56 925 82 1
903 82 931 116 1
867 55 890 83 1
870 83 895 118 1
838 56 862 83 1
836 82 867 117 1
807 58 833 85 1
809 83 836 119 1
772 55 800 85 1
779 82 804 117 1
744 85 771 124 1
716 60 742 90 1
713 86 738 122 1
691 56 714 91 1
681 86 710 125 1
658 63 688 85 1
652 86 682 123 1
628 63 656 91 1
623 90 652 124 1
600 68 623 91 1
595 87 619 126 1
572 70 599 94 1
564 94 594 125 1
543 65 574 93 1
530 90 559 129 1
514 70 544 97 1
500 93 528 129 1
473 70 504 94 1
460 90 490 129 1
443 71 473 99 1
429 98 462 130 1
410 63 442 97 1
397 93 425 129 1
384 73 416 97 1
353 71 390 95 1
331 67 365 95 1
342 92 376 125 1
370 95 402 128 1
315 94 349 129 1
303 73 336 96 1
278 71 304 100 1
255 91 291 131 1
285 95 319 128 1
251 71 280 100 1
217 74 256 99 1
198 75 228 101 1
170 78 207 106 1
144 79 177 106 1
115 80 150 106 1
96 104 130 135 1
122 103 156 134 1
149 101 184 135 1
177 97 211 133 1
202 97 235 131 1
229 94 261 129 1
1056 0 1088 28 1
1034 0 1061 31 1
1004 0 1033 33 1
974 0 1003 35 1
947 0 975 34 1
918 4 942 35 1
889 4 916 33 1
863 5 888 35 1
835 3 858 37 1
805 6 831 38 1
779 6 805 40 1
748 6 774 42 1
726 12 747 41 1
694 10 720 42 1
666 11 693 46 1
641 10 666 44 1
615 11 639 44 1
587 15 610 47 1
562 15 588 46 1
535 16 561 47 1
496 16 524 50 1
442 20 471 51 1
417 21 443 49 1
385 20 417 52 1
364 23 392 50 1
335 17 368 53 1
313 20 342 55 1
285 23 318 56 1
262 24 290 54 1
235 25 269 55 1
214 26 242 59 1
188 32 221 60 1
168 31 197 59 1
184 10 211 34 1
209 14 235 30 1
226 6 265 29 1
296 5 331 28 1
325 3 356 21 1
347 3 378 20 1
394 0 426 21 1
421 0 451 21 1
446 0 478 20 1
472 0 503 25 1
497 0 531 16 1
538 0 564 15 1
565 0 591 16 1
591 0 616 14 1
0 130 22 153 1
0 116 35 140 1
5 104 49 125 1
10 90 61 110 1
32 81 72 99 1
38 69 84 85 1
50 58 97 77 1
60 44 106 68 1
78 36 119 56 1
86 25 128 45 1
101 7 150 27 1
118 0 168 10 1
1186 668 1262 719 1
1141 599 1229 648 1
680 653 723 719 1
614 650 665 719 1
186 643 231 709 1
245 634 296 712 1
1090 0 1119 31 1
872 661 913 719 1
