549 642 598 718 1
144 486 210 557 1
630 484 675 566 1
1103 507 1198 550 1
1117 553 1223 595 1
1067 299 1115 367 1
1019 298 1063 360 1
977 299 1022 364 1
606 305 640 364 1
494 304 534 365 1
451 306 496 365 1
413 308 456 362 1
350 306 395 365 1
449 416 495 479 1
494 417 538 474 1
405 417 453 477 1
362 416 412 475 1
303 418 352 476 1
208 419 266 478 1
44 407 107 471 1
25 308 74 362 1
23 270 77 316 1
1018 143 1053 184 1
1063 82 1095 122 1
1032 2 1063 30 1
896 53 926 87 1
803 55 832 90 1
646 58 673 95 1
630 121 694 157 1
472 153 510 191 1
344 187 382 234 1
124 192 170 237 1
66 190 109 231 1
28 192 77 235 1
1 195 40 235 1
33 160 77 200 1
541 65 570 101 1
513 69 543 98 1
466 68 500 98 1
411 72 446 101 1
667 12 696 41 1
602 17 638 50 1
586 12 612 44 1
559 14 585 47 1
527 18 557 47 1
487 17 520 47 1
385 20 417 48 1
328 69 363 102 1
301 74 335 102 1
272 75 308 102 1
246 75 275 106 1
201 73 234 102 1
167 79 203 102 1
146 82 180 100 1
119 74 154 109 1
121 105 155 133 1
146 104 189 134 1
1 113 38 138 1
37 67 86 89 1
51 54 98 73 1
67 46 105 64 1
79 24 130 43 1
112 46 138 73 1
102 10 148 26 1
169 31 196 59 1
191 30 221 60 1
214 22 243 58 1
240 25 266 51 1
265 25 296 51 1
247 49 292 70 1
182 10 214 30 1
208 11 236 27 1
232 10 262 22 1
352 2 377 28 1
377 2 404 24 1
421 1 450 25 1
446 2 480 27 1
501 0 528 18 1
538 1 573 20 1
617 0 646 15 1
803 0 829 16 1
115 1 154 16 1
0 126 22 151 1
1147 600 1234 646 1
