740 485 785 562 1
874 655 922 718 1
811 652 858 716 1
733 651 786 717 1
680 650 723 718 1
615 652 661 718 1
546 651 591 716 1
484 652 535 714 1
235 630 297 710 1
172 646 231 703 1
116 633 169 704 1
64 639 125 700 1
148 487 212 554 1
905 487 960 562 1
1107 504 1200 553 1
1124 555 1228 595 1
1139 593 1241 641 1
1151 215 1205 270 1
1045 415 1096 489 1
1102 427 1153 491 1
1001 426 1048 488 1
953 414 1000 487 1
908 422 955 483 1
860 416 904 483 1
815 419 856 482 1
769 406 809 481 1
726 409 758 480 1
676 412 713 477 1
628 415 670 481 1
632 484 677 563 1
575 492 622 562 1
518 497 560 558 1
543 415 587 481 1
591 416 629 481 1
494 417 540 481 1
450 419 495 480 1
404 417 450 476 1
367 408 415 475 1
300 419 347 475 1
302 486 362 564 1
357 496 412 555 1
255 418 305 473 1
209 417 264 473 1
168 413 223 473 1
131 411 186 476 1
93 411 152 477 1
54 411 114 469 1
12 412 69 469 1
1054 264 1095 308 1
1064 309 1109 362 1
1019 302 1062 358 1
979 299 1019 358 1
934 304 977 355 1
897 302 935 363 1
848 258 883 308 1
852 306 886 357 1
814 305 844 358 1
769 294 809 357 1
772 259 805 296 1
731 256 766 301 1
730 303 762 356 1
978 144 1013 182 1
922 175 955 222 1
879 136 908 182 1
880 182 914 224 1
844 175 877 220 1
839 78 865 118 1
865 51 893 90 1
838 3 860 35 1
778 3 804 36 1
720 6 747 39 1
775 175 805 224 1
739 174 767 221 1
715 84 743 120 1
647 88 680 125 1
670 178 700 223 1
598 183 630 223 1
565 181 598 226 1
507 152 543 184 1
569 69 600 96 1
493 21 520 49 1
503 0 532 23 1
541 0 568 24 1
694 302 723 355 1
650 302 685 355 1
606 304 644 356 1
588 255 622 305 1
550 258 588 305 1
570 307 606 356 1
535 305 572 355 1
505 263 538 306 1
489 307 527 359 1
466 264 504 313 1
432 265 472 306 1
408 309 452 359 1
372 261 417 307 1
350 307 397 357 1
318 306 358 358 1
276 307 324 359 1
297 262 340 309 1
244 305 290 355 1
233 259 279 309 1
193 264 237 309 1
205 310 254 360 1
167 310 219 356 1
135 306 180 356 1
95 307 148 358 1
118 269 175 308 1
97 269 139 308 1
65 306 114 356 1
1 307 49 364 1
28 262 84 313 1
3 270 42 310 1
496 184 535 229 1
459 182 497 226 1
412 187 447 229 1
373 184 417 230 1
281 188 323 230 1
246 190 289 227 1
219 187 258 228 1
127 190 172 229 1
183 148 227 188 1
65 194 111 229 1
36 191 77 234 1
5 193 49 233 1
2 115 38 139 1
3 102 48 120 1
86 21 131 45 1
117 0 157 16 1
95 102 129 137 1
122 99 163 135 1
179 97 217 129 1
201 72 234 99 1
227 74 262 98 1
166 31 201 57 1
183 9 219 32 1
207 10 244 35 1
281 5 314 32 1
289 25 323 51 1
312 28 348 53 1
327 2 358 27 1
362 19 392 52 1
403 1 432 28 1
427 1 454 24 1
285 90 322 130 1
371 94 401 129 1
388 69 419 93 1
1184 675 1247 717 1
860 0 887 15 1
