1105 507 1201 544 1
1119 545 1234 588 1
1185 649 1268 715 1
1162 337 1203 404 1
932 654 978 717 1
669 656 721 718 1
615 654 657 716 1
548 648 591 716 1
289 647 351 717 1
120 634 178 717 1
904 487 954 562 1
741 486 787 566 1
520 491 568 559 1
148 485 209 555 1
96 489 161 557 1
50 489 117 555 1
1093 413 1153 492 1
1050 422 1101 489 1
1003 416 1052 493 1
957 424 1001 484 1
906 413 953 485 1
859 421 901 485 1
726 415 763 481 1
634 420 674 481 1
492 414 542 478 1
446 420 498 479 1
410 419 453 475 1
366 413 414 477 1
300 420 352 478 1
258 418 309 476 1
214 413 269 476 1
178 418 230 469 1
138 415 189 470 1
100 411 151 474 1
60 405 115 473 1
14 415 75 470 1
1069 304 1114 366 1
1053 259 1093 302 1
1009 255 1050 305 1
1022 304 1064 359 1
968 258 1006 309 1
978 307 1016 360 1
930 263 965 307 1
933 307 974 361 1
893 303 930 361 1
853 307 886 354 1
811 297 842 356 1
770 263 800 307 1
769 307 800 360 1
733 259 766 310 1
729 310 764 359 1
691 257 729 311 1
688 304 722 363 1
654 259 685 304 1
645 302 680 360 1
616 259 646 309 1
607 305 639 359 1
544 260 583 306 1
506 263 544 312 1
467 268 504 311 1
429 264 470 316 1
453 312 491 358 1
374 268 417 311 1
356 311 399 359 1
343 266 377 311 1
315 308 356 362 1
301 268 345 310 1
283 307 324 354 1
263 269 305 310 1
240 310 280 359 1
226 266 270 308 1
204 306 238 356 1
197 265 238 306 1
166 260 208 307 1
167 306 214 358 1
134 302 176 355 1
100 308 141 355 1
97 270 140 305 1
65 270 106 309 1
27 267 73 310 1
2 270 46 312 1
66 307 111 357 1
29 310 75 354 1
1 311 44 355 1
1032 175 1068 223 1
955 178 992 221 1
947 145 979 180 1
917 176 947 217 1
877 177 910 223 1
740 139 770 185 1
703 177 734 224 1
647 150 672 188 1
596 183 632 229 1
526 184 569 227 1
476 151 511 192 1
420 152 463 191 1
412 193 451 228 1
380 198 413 232 1
312 191 351 232 1
279 188 320 232 1
249 190 290 228 1
273 155 308 191 1
214 189 256 234 1
180 160 217 196 1
125 189 166 235 1
94 192 136 234 1
96 166 136 193 1
70 168 103 192 1
37 167 75 196 1
4 191 48 233 1
35 194 73 233 1
66 193 108 230 1
0 115 39 140 1
31 79 77 103 1
44 67 90 88 1
61 59 105 80 1
65 44 109 64 1
81 33 119 54 1
93 20 141 40 1
113 6 152 24 1
170 33 196 59 1
91 105 129 138 1
125 80 151 110 1
144 78 175 111 1
167 79 206 105 1
149 104 183 135 1
177 97 211 132 1
197 78 229 102 1
221 74 254 102 1
203 99 239 133 1
228 100 264 132 1
254 70 287 101 1
312 95 342 129 1
356 70 389 104 1
358 46 404 71 1
412 68 446 103 1
443 71 470 98 1
467 69 495 99 1
496 94 532 127 1
509 69 540 98 1
565 67 598 98 1
598 63 626 94 1
626 63 658 98 1
657 59 688 96 1
588 91 623 128 1
775 54 803 95 1
930 51 959 89 1
970 75 997 115 1
1003 69 1033 113 1
992 39 1017 75 1
1034 2 1066 33 1
859 2 891 35 1
811 27 858 53 1
720 13 747 42 1
640 15 667 44 1
593 19 619 45 1
569 18 591 47 1
535 23 559 50 1
495 21 519 51 1
467 17 491 48 1
440 21 466 53 1
389 24 420 51 1
365 19 396 48 1
339 20 367 53 1
331 4 355 29 1
402 2 427 27 1
428 3 454 27 1
450 2 477 23 1
477 1 502 26 1
506 2 530 25 1
544 2 566 23 1
376 1 399 22 1
355 2 370 25 1
306 2 329 26 1
284 1 307 30 1
258 2 291 29 1
235 4 263 32 1
212 4 243 33 1
191 6 218 36 1
193 34 226 58 1
218 30 244 55 1
243 29 271 54 1
272 25 293 55 1
287 24 320 57 1
597 0 617 19 1
621 0 645 21 1
649 0 672 17 1
674 0 699 21 1
705 0 723 20 1
728 0 750 12 1
753 0 774 18 1
776 0 804 13 1
806 0 829 14 1
0 416 32 467 1
0 131 24 152 1
116 0 160 12 1
