288 649 348 717 1
483 653 538 715 1
553 638 595 715 1
1092 503 1195 550 1
1116 557 1227 596 1
1124 602 1239 646 1
901 487 953 572 1
1244 427 1278 495 1
1222 371 1276 425 1
1191 309 1247 366 1
1171 260 1222 313 1
1150 218 1193 264 1
741 488 783 560 1
630 483 671 567 1
524 495 565 558 1
356 495 410 559 1
302 490 355 564 1
197 485 253 558 1
147 485 206 555 1
100 493 154 560 1
40 486 110 562 1
12 417 64 468 1
51 410 103 472 1
2 417 29 462 1
94 415 146 471 1
131 418 180 473 1
170 412 221 478 1
218 417 260 476 1
257 417 301 473 1
300 418 352 476 1
365 419 410 476 1
404 417 449 473 1
454 416 493 476 1
497 419 538 475 1
541 417 580 480 1
582 422 626 480 1
636 421 670 479 1
678 420 714 482 1
714 417 754 484 1
763 417 801 483 1
809 419 848 481 1
856 415 898 488 1
906 423 947 484 1
954 422 1000 489 1
1002 423 1050 489 1
1049 422 1099 490 1
1104 420 1154 491 1
1066 304 1114 366 1
1057 264 1104 311 1
1011 263 1054 310 1
1017 300 1063 360 1
1020 228 1087 261 1
930 214 999 246 1
966 256 1011 310 1
977 310 1021 363 1
932 307 973 362 1
926 263 969 312 1
886 262 921 310 1
885 301 925 360 1
851 264 877 313 1
847 306 882 357 1
807 301 839 359 1
810 261 840 303 1
766 259 804 305 1
768 305 802 357 1
731 259 765 310 1
729 308 765 359 1
691 304 724 357 1
694 266 727 307 1
651 308 651 308 1
651 264 690 308 1
646 306 681 361 1
608 305 643 361 1
615 258 650 309 1
581 263 616 311 1
566 310 608 358 1
529 306 570 360 1
540 263 578 314 1
504 267 541 312 1
491 310 532 364 1
453 307 497 364 1
463 270 503 312 1
431 267 467 309 1
413 309 456 365 1
371 270 411 307 1
349 307 392 363 1
332 271 375 309 1
312 310 357 362 1
300 270 343 311 1
277 308 321 358 1
259 272 302 314 1
225 270 266 309 1
188 269 233 313 1
160 267 199 311 1
125 272 170 312 1
95 309 138 355 1
123 311 175 359 1
171 314 215 355 1
206 308 250 357 1
242 311 283 356 1
59 306 112 356 1
94 269 134 308 1
54 265 108 309 1
25 270 73 310 1
0 268 40 314 1
0 309 45 360 1
1026 179 1063 220 1
990 173 1022 222 1
955 179 991 220 1
919 176 951 222 1
1022 142 1054 184 1
982 144 1019 179 1
945 143 981 179 1
910 141 936 183 1
874 178 913 223 1
873 143 906 183 1
842 140 872 183 1
845 183 869 221 1
806 149 841 179 1
803 179 841 224 1
774 150 802 184 1
772 177 801 223 1
738 144 771 183 1
738 179 771 225 1
705 146 742 185 1
700 183 730 226 1
669 142 701 187 1
664 185 697 226 1
630 180 662 229 1
635 149 668 182 1
605 146 634 183 1
594 182 627 224 1
577 150 604 188 1
560 189 597 227 1
530 183 566 226 1
540 156 572 188 1
506 153 543 189 1
475 153 508 185 1
498 186 525 230 1
461 185 493 227 1
427 157 463 189 1
411 187 449 231 1
393 157 430 190 1
378 187 413 233 1
359 152 398 191 1
327 154 365 192 1
342 189 383 228 1
312 192 351 228 1
302 157 334 186 1
280 181 321 229 1
266 154 305 189 1
249 185 287 230 1
237 151 277 189 1
209 156 246 191 1
215 188 256 230 1
187 189 226 231 1
179 160 219 187 1
147 160 185 191 1
127 160 164 192 1
95 163 133 193 1
62 161 103 191 1
33 161 74 195 1
2 194 46 234 1
29 197 76 237 1
64 193 111 232 1
96 193 139 230 1
125 194 165 232 1
156 188 199 230 1
1007 77 1034 117 1
988 42 1022 83 1
962 49 991 84 1
976 82 1001 122 1
927 51 958 86 1
933 82 963 118 1
1047 37 1076 71 1
1059 0 1088 30 1
681 41 733 68 1
896 51 926 82 1
901 81 929 115 1
863 50 893 83 1
869 81 898 119 1
835 55 861 87 1
839 81 866 117 1
805 57 833 86 1
805 86 833 119 1
774 57 804 89 1
774 89 803 119 1
747 59 774 85 1
744 84 773 118 1
720 61 743 90 1
714 88 739 123 1
691 63 714 88 1
683 86 710 123 1
661 62 685 89 1
650 87 680 122 1
624 85 651 123 1
627 65 657 88 1
596 67 625 90 1
591 83 625 126 1
567 63 597 97 1
564 88 593 125 1
530 93 562 127 1
544 64 570 97 1
516 66 544 95 1
498 94 532 130 1
469 68 499 91 1
456 88 492 127 1
440 70 473 93 1
427 91 461 130 1
413 73 446 96 1
394 94 430 132 1
380 67 416 94 1
364 93 403 131 1
354 72 387 97 1
339 93 374 128 1
330 68 360 96 1
310 91 345 131 1
284 93 317 129 1
301 74 335 95 1
277 72 307 96 1
257 96 288 127 1
249 73 285 100 1
222 76 256 102 1
202 73 233 102 1
168 76 206 101 1
143 80 178 103 1
124 75 155 107 1
90 99 130 137 1
120 102 157 135 1
148 100 182 134 1
175 99 212 132 1
203 97 237 132 1
227 98 260 133 1
2 116 38 136 1
7 103 52 123 1
16 89 60 110 1
25 77 72 100 1
37 70 84 89 1
54 57 98 77 1
64 49 104 64 1
75 37 116 57 1
87 24 129 46 1
99 15 139 36 1
110 6 145 25 1
118 1 155 14 1
165 31 197 59 1
192 29 220 60 1
213 20 247 56 1
235 24 269 53 1
257 26 293 56 1
288 24 320 48 1
311 24 344 50 1
333 19 368 51 1
364 22 393 51 1
384 20 412 51 1
412 18 442 53 1
439 18 467 48 1
466 21 494 45 1
490 19 519 51 1
529 18 558 50 1
558 14 585 47 1
588 17 615 46 1
615 10 641 45 1
641 10 666 43 1
667 13 694 42 1
697 8 721 40 1
723 12 743 40 1
747 11 774 38 1
776 5 800 36 1
807 6 832 37 1
836 5 860 35 1
866 6 889 34 1
892 3 915 34 1
918 1 946 32 1
949 2 978 33 1
975 3 1003 33 1
1006 2 1034 33 1
183 11 213 31 1
209 9 234 27 1
228 10 260 31 1
255 6 287 27 1
280 7 307 25 1
302 5 333 23 1
328 2 356 23 1
353 2 380 22 1
378 1 406 19 1
399 2 429 22 1
424 0 452 19 1
448 0 478 18 1
477 2 501 20 1
501 1 528 19 1
1093 0 1120 27 1
540 0 566 20 1
568 0 591 20 1
594 0 616 19 1
0 129 27 148 1
