278 185 324 230 1
310 185 355 233 1
345 185 388 233 1
375 184 421 232 1
409 187 452 232 1
461 184 503 230 1
500 186 535 229 1
534 186 567 232 1
565 184 599 230 1
598 186 634 230 1
632 187 664 226 1
665 186 699 227 1
702 184 734 222 1
735 182 772 225 1
775 182 807 225 1
807 183 842 222 1
844 183 879 222 1
880 182 915 219 1
917 182 956 222 1
956 177 992 222 1
987 180 1027 219 1
1022 175 1068 220 1
226 267 280 310 1
259 265 312 310 1
295 266 344 312 1
335 268 386 310 1
377 268 424 312 1
426 269 471 310 1
458 267 503 311 1
503 264 546 306 1
537 266 580 307 1
573 263 618 308 1
614 263 655 307 1
648 264 688 307 1
689 260 727 309 1
728 264 766 307 1
763 260 807 306 1
809 254 848 306 1
849 257 889 310 1
885 254 931 307 1
928 257 969 307 1
966 255 1014 309 1
1011 256 1054 307 1
1051 258 1098 306 1
202 304 249 361 1
234 305 291 363 1
272 301 323 361 1
307 308 359 365 1
349 306 396 364 1
410 307 449 368 1
443 306 497 366 1
481 309 529 365 1
523 304 571 364 1
565 310 604 364 1
606 310 648 364 1
643 312 685 363 1
690 310 724 361 1
725 311 766 362 1
767 310 804 362 1
808 308 848 360 1
851 311 891 362 1
888 311 934 359 1
934 309 976 362 1
972 307 1022 360 1
1017 311 1062 360 1
1059 304 1113 358 1
127 413 185 473 1
165 417 223 473 1
211 417 268 474 1
254 416 307 472 1
295 421 349 475 1
362 420 412 471 1
405 416 457 472 1
446 416 508 477 1
492 418 545 475 1
535 420 588 478 1
580 419 626 477 1
625 418 672 481 1
669 419 717 475 1
718 417 764 479 1
763 417 809 476 1
811 421 858 480 1
856 422 909 482 1
903 421 957 480 1
952 418 1004 482 1
997 419 1054 485 1
1045 417 1098 481 1
1089 416 1151 479 1
42 501 110 555 1
141 501 211 563 1
188 500 264 564 1
295 499 363 562 1
351 501 418 558 1
518 504 581 563 1
576 505 629 567 1
624 507 683 570 1
176 643 244 719 1
250 630 300 719 1
298 650 354 719 1
366 645 415 719 1
488 647 544 719 1
549 642 601 719 1
1102 508 1203 552 1
1135 599 1251 638 1
1175 664 1272 719 1
1119 555 1217 593 1
911 488 962 558 1
933 647 980 719 1
876 657 926 719 1
815 653 857 719 1
740 640 800 719 1
674 652 727 719 1
1243 420 1279 485 1
1218 365 1277 426 1
1193 308 1250 365 1
1173 262 1224 314 1
1156 218 1201 269 1
740 491 782 562 1
1027 361 1102 402 1
97 412 147 476 1
52 407 113 474 1
14 402 75 470 1
0 412 32 469 1
168 309 217 356 1
133 308 182 359 1
94 309 144 362 1
59 309 109 361 1
23 309 76 361 1
0 307 40 360 1
192 271 234 306 1
153 270 200 308 1
118 267 169 307 1
89 269 140 311 1
60 268 114 311 1
27 266 80 310 1
2 270 40 311 1
1020 141 1054 181 1
980 144 1017 183 1
940 141 981 181 1
912 146 945 183 1
876 144 909 189 1
841 141 871 185 1
812 143 839 186 1
776 144 805 184 1
741 150 768 185 1
704 147 738 181 1
672 151 702 186 1
637 147 672 188 1
606 154 635 188 1
576 154 606 185 1
546 150 574 188 1
510 154 542 192 1
471 154 507 191 1
426 144 462 186 1
390 158 427 191 1
362 157 394 188 1
334 157 369 192 1
297 147 334 192 1
272 157 306 188 1
239 156 275 192 1
207 156 244 189 1
174 157 216 187 1
145 156 184 194 1
117 160 157 193 1
90 161 132 190 1
62 164 103 195 1
37 167 70 194 1
3 192 48 235 1
34 193 76 234 1
61 188 107 234 1
97 189 139 233 1
123 194 167 234 1
155 188 193 234 1
186 188 228 228 1
217 193 254 232 1
250 191 288 226 1
1004 80 1034 116 1
993 46 1023 86 1
957 48 990 82 1
962 82 995 116 1
928 51 959 83 1
929 78 962 116 1
897 80 930 116 1
895 47 928 83 1
866 55 891 83 1
866 75 899 115 1
836 52 862 84 1
837 79 868 120 1
804 56 832 87 1
804 82 836 119 1
777 51 806 88 1
777 83 803 118 1
741 54 772 88 1
745 82 774 121 1
716 57 742 91 1
714 88 739 121 1
688 59 715 88 1
681 87 709 124 1
651 84 677 124 1
656 62 683 86 1
624 63 654 94 1
624 85 649 129 1
591 89 617 123 1
599 67 623 96 1
572 68 597 94 1
562 91 592 125 1
532 87 561 128 1
541 68 571 86 1
514 70 539 91 1
500 89 530 124 1
470 69 499 97 1
442 69 469 97 1
418 70 443 94 1
386 64 415 102 1
359 71 386 98 1
330 73 359 95 1
306 68 336 98 1
280 74 309 97 1
248 69 283 101 1
224 75 255 104 1
195 79 228 102 1
168 78 202 106 1
144 78 173 106 1
118 82 150 106 1
456 92 485 129 1
427 94 457 125 1
400 90 428 130 1
368 95 397 127 1
344 92 370 125 1
314 97 342 130 1
284 96 314 129 1
253 98 289 130 1
231 101 261 130 1
201 103 230 131 1
174 105 204 131 1
147 106 179 133 1
121 105 153 133 1
95 105 127 136 1
0 114 36 140 1
0 105 41 125 1
0 88 62 113 1
30 76 72 101 1
41 65 87 86 1
56 54 96 76 1
75 46 75 46 1
75 46 109 66 1
79 33 119 53 1
83 25 128 43 1
96 15 138 34 1
102 3 147 24 1
119 1 158 19 1
164 32 196 63 1
186 7 214 34 1
189 21 224 56 1
211 7 236 26 1
234 6 261 29 1
257 7 282 28 1
280 8 303 30 1
303 6 330 26 1
332 1 353 24 1
353 2 380 26 1
376 2 402 25 1
400 2 429 24 1
427 0 451 23 1
449 0 482 19 1
477 0 506 23 1
501 0 528 25 1
540 0 567 20 1
218 26 243 53 1
240 27 265 57 1
265 28 296 54 1
290 24 319 50 1
311 21 340 54 1
337 24 369 50 1
367 23 393 50 1
386 21 416 51 1
415 19 439 52 1
435 17 469 50 1
467 18 495 50 1
493 21 525 46 1
533 19 557 51 1
565 14 588 46 1
582 13 615 46 1
609 13 637 46 1
641 10 669 44 1
671 13 695 42 1
693 13 722 42 1
721 6 747 43 1
749 7 773 39 1
779 8 802 41 1
805 5 830 37 1
835 5 855 37 1
859 4 888 36 1
887 4 913 38 1
917 0 947 34 1
949 0 974 30 1
977 0 1000 35 1
1007 0 1037 35 1
1034 0 1062 31 1
1064 0 1091 27 1
568 0 594 16 1
