375 184 421 232 1
409 187 452 232 1
461 184 503 230 1
500 186 535 229 1
665 186 699 227 1
702 184 734 222 1
735 182 772 225 1
807 183 842 222 1
987 180 1027 219 1
1022 175 1068 220 1
226 267 280 310 1
259 265 312 310 1
335 268 386 310 1
377 268 424 312 1
426 269 471 310 1
458 267 503 311 1
503 264 546 306 1
614 263 655 307 1
763 260 807 306 1
928 257 969 307 1
1011 256 1054 307 1
1051 258 1098 306 1
202 304 249 361 1
234 305 291 363 1
272 301 323 361 1
307 308 359 365 1
349 306 396 364 1
410 307 449 368 1
443 306 497 366 1
481 309 529 365 1
523 304 571 364 1
565 310 604 364 1
606 310 648 364 1
643 312 685 363 1
690 310 724 361 1
725 311 766 362 1
767 310 804 362 1
808 308 848 360 1
851 311 891 362 1
888 311 934 359 1
934 309 976 362 1
972 307 1022 360 1
1017 311 1062 360 1
1059 304 1113 358 1
127 413 185 473 1
165 417 223 473 1
211 417 268 474 1
254 416 307 472 1
295 421 349 475 1
362 420 412 471 1
405 416 457 472 1
446 416 508 477 1
492 418 545 475 1
535 420 588 478 1
580 419 626 477 1
625 418 672 481 1
669 419 717 475 1
718 417 764 479 1
763 417 809 476 1
811 421 858 480 1
856 422 909 482 1
903 421 957 480 1
952 418 1004 482 1
997 419 1054 485 1
1045 417 1098 481 1
1089 416 1151 479 1
42 501 110 555 1
141 501 211 563 1
188 500 264 564 1
624 507 683 570 1
1106 510 1203 554 1
1134 556 1238 605 1
1137 610 1227 657 1
1180 663 1267 717 1
1225 385 1279 461 1
1201 316 1252 377 1
1179 268 1226 318 1
1161 224 1207 271 1
901 490 955 556 1
971 490 1025 566 1
1038 497 1088 575 1
737 491 779 560 1
361 643 417 718 1
286 646 349 718 1
0 493 56 561 1
0 411 35 468 1
14 408 70 474 1
52 404 113 473 1
93 408 146 472 1
160 300 216 360 1
125 271 171 311 1
91 267 134 316 1
92 303 139 360 1
123 306 174 361 1
1 311 47 355 1
3 272 45 313 1
740 146 770 185 1
945 139 979 184 1
606 147 640 192 1
508 148 544 192 1
470 153 508 189 1
428 152 465 190 1
239 158 278 191 1
205 159 247 196 1
171 159 219 199 1
67 165 108 195 1
34 162 75 197 1
89 198 136 237 1
33 195 81 234 1
2 193 44 230 1
987 48 1020 84 1
865 54 895 92 1
777 51 805 93 1
540 68 572 98 1
513 65 540 95 1
501 91 537 127 1
456 89 489 131 1
467 68 504 88 1
416 65 446 101 1
385 68 414 103 1
357 71 390 96 1
337 93 377 128 1
285 101 324 129 1
302 69 338 101 1
276 75 310 101 1
251 72 283 99 1
223 75 255 105 1
231 99 266 132 1
126 100 162 132 1
91 101 133 138 1
123 79 153 101 1
144 79 184 104 1
33 70 82 93 1
53 55 98 77 1
83 23 131 49 1
163 62 163 62 1
163 33 198 62 1
194 29 225 59 1
220 28 247 54 1
239 26 268 53 1
181 12 216 34 1
258 6 282 30 1
280 8 308 31 1
290 25 319 54 1
336 23 366 49 1
364 19 395 51 1
407 0 428 29 1
491 22 521 44 1
534 18 561 51 1
588 13 616 44 1
613 7 640 45 1
668 9 696 47 1
697 11 720 38 1
720 4 747 40 1
807 4 830 38 1
677 655 722 719 1
612 659 653 717 1
880 660 922 719 1
109 649 166 709 1
0 132 26 152 1
776 0 800 15 1
698 0 725 13 1
913 0 940 10 1
122 0 171 9 1
