293 646 349 717 1
249 625 293 703 1
172 647 232 708 1
111 635 169 697 1
477 657 535 719 1
736 646 779 717 1
671 648 708 719 1
879 660 918 719 1
1138 584 1232 633 1
1186 658 1255 719 1
1115 543 1213 587 1
1109 503 1196 544 1
1034 496 1086 579 1
913 496 948 562 1
634 483 672 569 1
527 505 574 576 1
357 490 408 562 1
303 484 358 570 1
252 487 301 566 1
204 483 253 559 1
150 483 209 561 1
1100 424 1154 496 1
1224 363 1271 423 1
1245 421 1279 483 1
1200 314 1247 368 1
1178 262 1229 319 1
1166 225 1219 271 1
1064 303 1104 368 1
1056 261 1096 310 1
1015 260 1054 309 1
1022 314 1063 358 1
981 309 1022 359 1
974 257 1013 309 1
931 257 969 306 1
948 306 984 365 1
892 309 931 362 1
891 255 924 304 1
924 304 924 304 1
847 264 884 309 1
849 305 886 360 1
810 258 844 307 1
807 304 842 369 1
774 263 802 305 1
802 305 802 305 1
770 306 801 362 1
734 261 761 305 1
736 304 766 364 1
766 364 766 364 1
695 260 728 310 1
691 310 722 363 1
658 259 689 311 1
688 311 688 311 1
647 306 680 367 1
623 261 657 312 1
612 312 642 360 1
580 267 617 314 1
569 311 605 364 1
543 269 576 311 1
530 313 567 362 1
489 305 534 367 1
507 269 537 305 1
461 258 504 308 1
431 268 469 310 1
414 304 454 365 1
447 307 494 366 1
378 265 414 313 1
353 309 397 358 1
338 261 382 309 1
304 266 345 308 1
313 309 359 364 1
276 310 319 363 1
265 267 306 311 1
226 269 269 311 1
240 310 286 364 1
203 308 247 360 1
168 312 215 361 1
123 309 180 363 1
95 309 144 359 1
60 308 108 356 1
26 306 73 360 1
0 310 43 361 1
194 267 238 311 1
161 264 201 308 1
125 266 167 308 1
95 268 134 305 1
63 270 105 307 1
24 267 76 306 1
0 270 37 307 1
1025 178 1063 222 1
1018 139 1054 180 1
983 147 1016 183 1
990 180 1022 224 1
947 141 979 180 1
950 176 985 227 1
909 143 941 181 1
915 180 948 229 1
876 142 907 179 1
882 177 917 233 1
842 143 871 179 1
845 175 876 229 1
809 142 835 180 1
809 180 838 224 1
773 145 801 178 1
772 178 801 227 1
740 146 765 183 1
737 184 764 227 1
707 149 735 187 1
708 188 734 228 1
675 140 703 183 1
673 180 703 225 1
637 150 668 187 1
636 183 665 228 1
608 150 636 187 1
601 181 633 227 1
570 150 605 186 1
566 187 600 236 1
544 149 576 189 1
535 191 566 231 1
514 155 542 189 1
498 189 529 235 1
478 154 509 189 1
463 187 497 237 1
431 156 464 189 1
415 190 450 228 1
381 187 418 232 1
396 155 429 190 1
367 153 398 187 1
335 158 371 191 1
306 156 340 188 1
272 158 306 189 1
240 156 277 189 1
213 155 249 195 1
180 158 213 194 1
150 158 192 192 1
124 160 163 196 1
96 160 135 196 1
66 162 105 195 1
35 166 75 197 1
3 195 49 237 1
32 193 81 238 1
66 196 108 233 1
57 238 112 262 1
101 192 137 231 1
126 191 162 232 1
154 191 197 237 1
185 192 225 235 1
217 188 259 237 1
251 190 286 236 1
283 186 317 235 1
312 191 352 235 1
345 189 384 235 1
1005 76 1033 118 1
988 47 1017 85 1
955 48 991 90 1
969 85 998 123 1
925 55 958 84 1
934 83 964 123 1
902 79 932 121 1
897 54 925 83 1
865 53 896 85 1
864 83 900 122 1
834 52 865 87 1
838 85 864 123 1
807 52 830 89 1
806 85 834 122 1
775 58 803 90 1
775 88 803 125 1
747 62 775 86 1
746 82 773 128 1
717 54 744 89 1
714 89 743 125 1
684 57 714 95 1
686 84 709 127 1
658 57 685 90 1
655 89 681 131 1
634 65 659 88 1
625 87 651 128 1
599 66 627 94 1
592 91 621 127 1
569 66 600 96 1
561 95 592 129 1
528 88 565 128 1
542 68 564 92 1
510 68 539 93 1
504 96 532 128 1
458 92 493 129 1
473 72 498 96 1
444 68 473 96 1
428 93 460 128 1
414 71 443 97 1
396 93 425 130 1
385 72 412 91 1
361 73 386 95 1
371 92 401 128 1
342 93 373 129 1
331 70 359 100 1
312 98 344 134 1
285 97 319 133 1
304 72 335 99 1
280 69 313 96 1
246 70 285 97 1
222 75 256 101 1
199 78 230 99 1
171 73 200 102 1
145 81 177 104 1
119 83 154 108 1
94 103 127 134 1
124 106 159 137 1
150 105 182 138 1
178 98 212 133 1
206 99 234 130 1
227 98 259 137 1
256 95 287 131 1
87 135 136 158 1
1062 1 1092 28 1
1038 1 1062 35 1
1006 1 1033 32 1
980 0 999 34 1
950 0 973 36 1
920 0 944 34 1
891 0 918 37 1
862 0 890 36 1
835 0 863 42 1
807 3 831 41 1
782 0 802 40 1
752 9 775 40 1
723 7 742 44 1
699 12 720 41 1
670 11 693 47 1
644 14 664 48 1
616 11 640 46 1
588 9 613 49 1
561 11 587 49 1
532 15 561 48 1
498 16 524 51 1
469 18 496 51 1
442 20 467 51 1
417 24 443 53 1
389 26 418 52 1
365 22 389 53 1
340 21 367 49 1
314 26 343 52 1
287 24 318 58 1
263 24 291 59 1
240 28 272 56 1
217 28 245 59 1
191 30 221 62 1
163 31 197 63 1
185 10 213 31 1
210 11 234 32 1
233 11 257 29 1
254 10 283 31 1
278 10 303 31 1
307 5 330 27 1
0 116 33 143 1
1 106 48 128 1
14 91 61 116 1
30 77 69 105 1
41 70 90 92 1
50 57 95 76 1
67 47 110 69 1
78 36 123 58 1
92 26 131 45 1
101 19 140 33 1
110 8 151 23 1
119 0 158 13 1
1053 426 1101 495 1
1000 422 1049 495 1
953 418 1000 496 1
907 423 949 490 1
862 419 900 490 1
811 418 855 488 1
768 417 802 486 1
724 421 757 483 1
678 418 717 483 1
637 418 669 480 1
594 415 630 488 1
543 418 585 481 1
500 419 542 481 1
453 421 498 480 1
409 420 455 484 1
366 417 413 481 1
304 417 350 478 1
259 420 307 478 1
221 414 266 476 1
178 418 229 475 1
137 417 187 478 1
97 415 148 476 1
59 410 111 476 1
20 416 74 472 1
0 416 34 475 1
330 0 356 21 1
355 0 377 19 1
379 0 400 27 1
403 0 429 22 1
426 0 450 22 1
451 0 472 19 1
478 0 498 15 1
505 0 534 15 1
