278 185 324 230 1
375 184 421 232 1
461 184 503 230 1
500 186 535 229 1
534 186 567 232 1
565 184 599 230 1
598 186 634 230 1
632 187 664 226 1
735 182 772 225 1
775 182 807 225 1
807 183 842 222 1
844 183 879 222 1
880 182 915 219 1
917 182 956 222 1
956 177 992 222 1
987 180 1027 219 1
1022 175 1068 220 1
226 267 280 310 1
295 266 344 312 1
335 268 386 310 1
377 268 424 312 1
426 269 471 310 1
458 267 503 311 1
503 264 546 306 1
573 263 618 308 1
614 263 655 307 1
689 260 727 309 1
728 264 766 307 1
763 260 807 306 1
849 257 889 310 1
885 254 931 307 1
966 255 1014 309 1
234 305 291 363 1
272 301 323 361 1
307 308 359 365 1
349 306 396 364 1
410 307 449 368 1
443 306 497 366 1
481 309 529 365 1
523 304 571 364 1
565 310 604 364 1
606 310 648 364 1
643 312 685 363 1
690 310 724 361 1
725 311 766 362 1
767 310 804 362 1
808 308 848 360 1
851 311 891 362 1
888 311 934 359 1
934 309 976 362 1
972 307 1022 360 1
1017 311 1062 360 1
1059 304 1113 358 1
127 413 185 473 1
165 417 223 473 1
295 421 349 475 1
362 420 412 471 1
405 416 457 472 1
446 416 508 477 1
492 418 545 475 1
535 420 588 478 1
580 419 626 477 1
625 418 672 481 1
669 419 717 475 1
718 417 764 479 1
811 421 858 480 1
856 422 909 482 1
903 421 957 480 1
952 418 1004 482 1
997 419 1054 485 1
1045 417 1098 481 1
1089 416 1151 479 1
141 501 211 563 1
188 500 264 564 1
295 499 363 562 1
351 501 418 558 1
576 505 629 567 1
624 507 683 570 1
932 646 989 719 1
1136 591 1237 647 1
1104 503 1207 551 1
1238 401 1279 472 1
1194 301 1245 359 1
1168 258 1219 308 1
1142 185 1184 228 1
1129 155 1167 190 1
1035 494 1089 571 1
976 495 1030 567 1
909 490 957 565 1
803 652 854 719 1
799 492 840 567 1
737 490 781 564 1
614 656 666 719 1
547 651 597 719 1
483 651 538 719 1
292 647 355 715 1
236 629 305 708 1
178 644 235 707 1
113 639 173 706 1
57 635 120 707 1
2 485 67 558 1
55 405 120 476 1
11 410 76 472 1
0 400 42 463 1
165 307 216 360 1
159 266 206 312 1
126 271 174 315 1
91 267 142 310 1
61 265 109 311 1
0 269 47 313 1
0 306 46 356 1
31 309 80 354 1
61 306 114 357 1
251 184 293 231 1
97 189 144 234 1
64 191 108 233 1
35 191 75 233 1
7 199 43 237 1
67 160 111 193 1
150 160 191 194 1
176 154 222 192 1
211 157 247 191 1
234 153 277 191 1
266 155 307 185 1
303 149 340 187 1
363 156 403 190 1
394 151 432 188 1
430 155 464 192 1
503 152 540 192 1
541 151 574 186 1
574 150 609 185 1
609 146 644 187 1
643 146 672 185 1
744 150 774 185 1
842 149 871 183 1
913 146 943 184 1
1020 142 1051 179 1
966 77 994 117 1
991 46 1022 84 1
934 75 964 116 1
897 54 925 84 1
906 79 931 115 1
871 80 899 119 1
840 82 863 119 1
805 57 833 80 1
807 79 835 119 1
774 53 804 85 1
776 83 803 121 1
749 84 772 119 1
715 85 744 121 1
651 84 686 122 1
592 91 622 124 1
565 84 593 126 1
540 62 576 100 1
513 70 545 92 1
503 90 536 125 1
401 91 434 126 1
417 67 447 95 1
342 90 380 127 1
302 65 343 100 1
275 74 310 100 1
285 94 323 127 1
257 98 291 128 1
204 96 242 129 1
175 94 213 134 1
152 101 184 135 1
173 75 212 107 1
96 102 137 137 1
163 33 199 58 1
210 7 240 32 1
234 8 266 30 1
217 28 248 54 1
238 29 272 52 1
265 26 297 51 1
282 6 310 24 1
289 23 321 48 1
361 21 391 51 1
412 20 441 49 1
439 19 468 49 1
504 0 533 20 1
498 19 524 46 1
588 12 615 42 1
620 0 648 19 1
642 17 668 43 1
674 0 699 18 1
778 5 802 36 1
809 4 833 38 1
894 6 915 34 1
914 6 943 35 1
948 3 974 33 1
1001 5 1033 30 1
0 112 34 141 1
5 103 53 125 1
19 90 62 113 1
37 70 91 90 1
54 56 99 76 1
75 47 111 64 1
73 37 122 53 1
87 24 133 42 1
120 0 162 17 1
0 132 24 152 1
