188 500 264 564 1
48 488 115 566 1
4 494 63 561 1
523 501 570 566 1
479 657 533 719 1
575 496 623 568 1
630 488 677 568 1
738 488 783 568 1
1111 502 1199 552 1
1121 556 1215 602 1
1181 664 1267 719 1
1147 601 1246 653 1
1239 390 1279 465 1
1193 283 1241 352 1
1160 224 1206 274 1
1058 260 1094 317 1
1011 258 1053 314 1
968 259 1008 309 1
980 302 1018 360 1
965 422 1008 495 1
863 412 904 489 1
893 301 927 359 1
811 306 849 362 1
767 262 801 314 1
732 265 762 308 1
727 306 761 363 1
724 423 759 483 1
769 421 803 488 1
677 414 715 484 1
500 420 541 479 1
452 415 496 485 1
405 419 452 478 1
364 417 411 477 1
251 416 308 483 1
213 421 263 478 1
171 415 221 477 1
47 412 114 479 1
647 307 685 363 1
606 304 641 360 1
572 303 608 360 1
530 306 567 364 1
508 269 546 316 1
448 306 496 368 1
409 308 450 360 1
313 306 360 362 1
274 308 323 364 1
263 268 310 319 1
157 264 209 319 1
167 311 214 360 1
54 307 107 361 1
124 272 168 318 1
67 193 112 234 1
36 162 82 199 1
120 162 163 197 1
124 196 165 233 1
154 193 196 231 1
208 155 249 199 1
218 188 257 230 1
248 184 289 231 1
299 154 342 195 1
347 190 386 234 1
426 153 467 196 1
671 150 702 189 1
708 144 737 184 1
699 181 731 226 1
774 177 801 224 1
810 145 837 191 1
952 179 986 224 1
991 171 1024 222 1
1016 141 1050 185 1
1058 3 1090 33 1
944 1 972 35 1
918 4 944 34 1
900 82 930 120 1
867 53 891 88 1
863 5 890 39 1
803 4 830 39 1
726 13 750 39 1
695 8 722 44 1
714 84 742 123 1
563 87 593 127 1
535 86 564 128 1
438 65 473 102 1
590 0 619 27 1
410 72 442 103 1
417 21 446 50 1
421 0 452 23 1
372 4 404 28 1
329 0 357 25 1
254 8 286 32 1
289 29 319 54 1
315 22 350 55 1
358 70 393 100 1
327 71 363 103 1
272 73 313 101 1
254 98 292 129 1
227 94 263 131 1
247 76 278 99 1
223 72 255 106 1
197 73 228 109 1
215 29 247 57 1
240 22 269 58 1
184 10 219 35 1
167 30 203 59 1
94 14 137 36 1
84 28 128 48 1
142 81 183 110 1
116 81 151 113 1
51 56 98 79 1
25 80 74 103 1
0 100 46 125 1
0 117 35 139 1
174 640 238 708 1
117 630 177 707 1
935 641 983 714 1
1017 638 1075 707 1
673 648 714 714 1
618 653 662 715 1
