278 185 324 230 1
272 301 323 361 1
410 307 449 368 1
767 310 804 362 1
888 311 934 359 1
492 418 545 475 1
1045 417 1098 481 1
942 145 981 186 1
915 4 943 35 1
639 3 670 44 1
612 19 640 46 1
532 19 556 49 1
516 60 545 98 1
442 21 468 53 1
496 0 531 25 1
351 0 381 26 1
295 71 334 101 1
119 160 165 198 1
56 196 106 240 1
0 189 50 237 1
50 266 98 314 1
124 305 179 362 1
96 103 130 135 1
118 79 150 111 1
143 75 179 113 1
237 27 269 55 1
255 5 288 33 1
180 9 217 36 1
163 34 203 60 1
102 6 148 28 1
71 35 121 57 1
36 68 86 90 1
