375 184 421 232 1
461 184 503 230 1
598 186 634 230 1
632 187 664 226 1
702 184 734 222 1
880 182 915 219 1
426 269 471 310 1
503 264 546 306 1
573 263 618 308 1
648 264 688 307 1
234 305 291 363 1
272 301 323 361 1
523 304 571 364 1
565 310 604 364 1
690 310 724 361 1
808 308 848 360 1
934 309 976 362 1
127 413 185 473 1
211 417 268 474 1
295 421 349 475 1
492 418 545 475 1
580 419 626 477 1
811 421 858 480 1
997 419 1054 485 1
1089 416 1151 479 1
406 419 454 480 1
2 483 66 558 1
1111 500 1204 554 1
1121 555 1227 604 1
1143 607 1244 654 1
669 649 719 719 1
1178 269 1228 323 1
974 141 1015 185 1
929 49 962 87 1
904 82 933 117 1
870 83 901 114 1
834 48 867 87 1
889 0 917 36 1
808 14 837 37 1
739 147 774 188 1
161 310 212 359 1
135 301 175 360 1
196 270 248 311 1
64 305 116 359 1
28 314 80 357 1
0 309 47 357 1
99 415 153 473 1
54 412 113 469 1
12 411 69 470 1
0 413 26 468 1
0 273 52 313 1
246 194 291 232 1
273 150 308 191 1
213 149 252 187 1
426 149 467 194 1
610 146 638 188 1
575 150 604 190 1
544 145 579 191 1
632 57 662 92 1
539 62 567 101 1
474 70 504 98 1
461 93 493 125 1
415 70 449 100 1
358 66 393 104 1
287 99 324 130 1
259 98 291 129 1
250 67 291 104 1
204 98 239 131 1
130 191 173 229 1
67 188 116 233 1
39 187 76 233 1
67 156 116 194 1
35 163 78 200 1
0 127 26 151 1
0 115 43 136 1
2 101 51 123 1
39 69 92 90 1
56 58 102 75 1
66 42 111 61 1
96 14 140 38 1
114 0 160 16 1
170 32 204 59 1
125 73 161 110 1
97 104 138 135 1
171 65 208 106 1
184 10 220 34 1
230 9 263 34 1
255 4 289 32 1
281 0 308 33 1
301 0 335 29 1
288 29 321 54 1
389 24 418 49 1
379 0 401 24 1
402 0 429 25 1
429 0 456 23 1
448 0 485 24 1
439 25 471 49 1
494 19 525 47 1
538 0 568 23 1
571 0 596 21 1
560 19 588 48 1
588 14 614 46 1
613 13 638 43 1
696 0 724 22 1
778 0 803 13 1
807 0 833 12 1
