484 654 540 719 1
291 646 345 719 1
253 630 298 709 1
548 654 594 718 1
1112 507 1198 551 1
1132 552 1223 588 1
1153 591 1244 630 1
1169 646 1260 717 1
906 491 953 554 1
737 493 783 563 1
686 499 728 566 1
637 487 677 568 1
523 498 570 565 1
356 496 406 562 1
300 493 357 572 1
192 495 252 572 1
147 487 209 558 1
93 495 157 561 1
44 489 109 566 1
1104 430 1157 490 1
1051 420 1103 497 1
1003 418 1048 491 1
961 426 1005 491 1
912 417 954 489 1
865 425 904 488 1
815 420 857 489 1
764 424 804 490 1
717 421 754 478 1
676 420 712 484 1
630 423 669 484 1
539 421 583 487 1
495 415 544 483 1
454 423 498 483 1
408 417 455 477 1
361 419 408 477 1
297 416 349 483 1
250 419 303 480 1
173 418 221 477 1
50 411 111 472 1
5 405 72 476 1
0 410 29 456 1
1073 304 1109 364 1
1046 259 1089 312 1
1010 265 1047 313 1
1020 312 1066 357 1
969 267 1004 308 1
988 309 1023 360 1
935 304 977 364 1
889 265 922 313 1
899 307 935 364 1
851 263 883 308 1
854 305 884 364 1
814 261 843 309 1
814 311 845 361 1
774 302 806 361 1
734 264 763 310 1
732 305 766 363 1
1201 317 1252 372 1
1184 265 1233 321 1
1161 222 1213 265 1
692 304 724 361 1
691 268 724 305 1
656 265 687 309 1
652 305 685 361 1
615 268 648 309 1
612 307 645 363 1
579 268 611 308 1
571 305 602 363 1
540 260 577 316 1
504 264 541 307 1
490 307 531 360 1
470 264 508 308 1
451 308 492 363 1
411 304 455 361 1
350 308 394 361 1
336 267 381 311 1
301 269 341 311 1
313 302 355 364 1
277 306 318 359 1
239 308 281 361 1
232 272 275 312 1
201 309 248 364 1
127 308 182 365 1
123 269 172 311 1
93 306 141 360 1
25 273 75 310 1
0 274 33 314 1
26 307 78 365 1
0 304 40 362 1
1027 173 1061 223 1
1019 145 1056 177 1
987 142 1019 188 1
954 142 981 185 1
957 176 988 225 1
909 136 945 183 1
917 178 950 222 1
885 174 915 223 1
846 146 878 180 1
844 177 876 227 1
816 148 843 176 1
814 177 841 227 1
773 148 805 183 1
773 175 802 225 1
705 183 735 228 1
672 153 704 190 1
700 182 700 182 1
668 182 700 229 1
602 184 635 233 1
570 183 601 231 1
531 187 567 233 1
503 184 535 231 1
508 147 544 189 1
428 156 463 195 1
392 155 424 191 1
380 186 418 232 1
347 184 382 231 1
298 152 338 190 1
281 187 318 235 1
239 153 277 196 1
208 157 245 194 1
178 159 214 196 1
150 162 185 195 1
154 187 199 237 1
89 160 133 196 1
92 190 137 234 1
64 190 103 236 1
29 196 71 238 1
62 159 101 195 1
30 164 70 207 1
1003 72 1037 115 1
933 78 965 117 1
900 50 929 91 1
872 56 899 95 1
840 79 866 117 1
777 54 801 94 1
748 51 773 88 1
748 87 773 124 1
715 80 742 124 1
685 84 710 125 1
657 60 681 100 1
630 65 656 99 1
601 66 626 94 1
594 86 617 126 1
569 60 597 96 1
564 86 590 125 1
540 66 568 100 1
514 64 543 100 1
503 86 532 128 1
473 64 504 102 1
459 88 489 128 1
429 87 459 128 1
413 68 442 99 1
387 61 419 98 1
354 67 391 96 1
397 92 428 130 1
369 88 402 130 1
342 93 376 131 1
301 67 335 104 1
249 74 283 104 1
232 92 268 132 1
222 71 256 103 1
199 92 240 134 1
169 75 207 105 1
142 74 175 107 1
114 78 148 106 1
93 100 129 139 1
120 95 157 138 1
149 98 187 134 1
0 116 32 143 1
0 103 44 124 1
12 90 64 117 1
25 77 71 100 1
34 65 86 86 1
79 25 126 50 1
102 3 145 27 1
167 33 197 58 1
189 29 222 60 1
215 27 246 56 1
242 25 267 57 1
264 20 293 57 1
288 22 319 53 1
311 18 340 53 1
336 19 366 53 1
364 17 396 53 1
414 17 442 51 1
440 17 468 51 1
466 19 494 53 1
491 16 520 53 1
534 12 565 47 1
562 15 586 47 1
589 17 612 48 1
641 6 668 45 1
696 5 719 44 1
725 4 746 44 1
753 0 774 40 1
807 2 831 40 1
862 0 888 36 1
892 2 915 37 1
918 4 945 34 1
948 0 974 33 1
975 0 1003 36 1
1001 0 1031 32 1
1057 2 1094 34 1
182 7 214 33 1
207 14 233 30 1
257 2 284 25 1
281 3 310 22 1
304 0 331 24 1
331 2 359 23 1
594 0 622 22 1
838 0 857 17 1
615 659 663 719 1
674 659 723 718 1
809 648 858 719 1
877 663 918 719 1
1096 0 1122 25 1
