278 185 324 230 1
310 185 355 233 1
345 185 388 233 1
375 184 421 232 1
409 187 452 232 1
461 184 503 230 1
500 186 535 229 1
534 186 567 232 1
565 184 599 230 1
598 186 634 230 1
632 187 664 226 1
665 186 699 227 1
702 184 734 222 1
735 182 772 225 1
775 182 807 225 1
807 183 842 222 1
844 183 879 222 1
880 182 915 219 1
917 182 956 222 1
956 177 992 222 1
987 180 1027 219 1
1022 175 1068 220 1
226 267 280 310 1
259 265 312 310 1
295 266 344 312 1
335 268 386 310 1
377 268 424 312 1
426 269 471 310 1
458 267 503 311 1
503 264 546 306 1
537 266 580 307 1
573 263 618 308 1
614 263 655 307 1
648 264 688 307 1
689 260 727 309 1
728 264 766 307 1
763 260 807 306 1
809 254 848 306 1
849 257 889 310 1
885 254 931 307 1
928 257 969 307 1
966 255 1014 309 1
1011 256 1054 307 1
1051 258 1098 306 1
202 304 249 361 1
234 305 291 363 1
272 301 323 361 1
307 308 359 365 1
349 306 396 364 1
410 307 449 368 1
443 306 497 366 1
481 309 529 365 1
523 304 571 364 1
565 310 604 364 1
606 310 648 364 1
643 312 685 363 1
690 310 724 361 1
725 311 766 362 1
767 310 804 362 1
808 308 848 360 1
851 311 891 362 1
888 311 934 359 1
934 309 976 362 1
972 307 1022 360 1
1017 311 1062 360 1
1059 304 1113 358 1
127 413 185 473 1
165 417 223 473 1
211 417 268 474 1
254 416 307 472 1
295 421 349 475 1
362 420 412 471 1
405 416 457 472 1
446 416 508 477 1
492 418 545 475 1
535 420 588 478 1
580 419 626 477 1
625 418 672 481 1
669 419 717 475 1
718 417 764 479 1
763 417 809 476 1
811 421 858 480 1
856 422 909 482 1
903 421 957 480 1
952 418 1004 482 1
997 419 1054 485 1
1045 417 1098 481 1
1089 416 1151 479 1
87 500 158 561 1
141 501 211 563 1
188 500 264 564 1
518 504 581 563 1
624 507 683 570 1
1244 432 1244 432 1
735 488 783 565 1
901 488 952 566 1
968 494 1024 565 1
1103 508 1195 550 1
1116 552 1218 597 1
1133 596 1231 644 1
1158 652 1264 711 1
1234 397 1279 464 1
1207 340 1262 397 1
1181 282 1232 335 1
1162 241 1216 289 1
1147 201 1193 243 1
928 639 989 719 1
870 657 920 719 1
548 646 595 719 1
373 640 422 719 1
293 646 346 719 1
88 400 161 476 1
57 414 104 471 1
17 401 71 468 1
0 408 32 466 1
165 310 216 365 1
136 303 185 357 1
98 303 149 359 1
63 301 116 361 1
30 306 79 359 1
0 310 43 358 1
191 265 243 311 1
162 268 209 310 1
129 265 175 308 1
96 267 142 306 1
59 261 118 306 1
27 267 73 312 1
0 269 41 312 1
251 188 288 230 1
215 186 259 235 1
189 188 226 230 1
156 187 199 231 1
127 188 169 234 1
92 189 144 235 1
69 190 108 229 1
35 188 81 236 1
7 191 53 233 1
1018 145 1055 177 1
943 141 978 178 1
913 137 939 182 1
869 140 906 180 1
841 144 870 175 1
806 140 838 180 1
776 146 809 183 1
737 151 765 183 1
703 144 734 182 1
673 143 699 186 1
638 147 672 185 1
606 147 632 186 1
578 152 608 184 1
543 148 576 186 1
506 154 542 188 1
476 149 510 190 1
428 151 467 188 1
394 150 429 189 1
366 151 401 187 1
331 148 367 192 1
301 153 330 193 1
268 153 307 190 1
236 155 279 191 1
214 150 250 186 1
180 157 218 186 1
150 160 187 188 1
123 157 163 187 1
97 157 137 193 1
70 157 105 192 1
41 163 77 196 1
998 78 1028 114 1
989 49 1020 82 1
955 53 990 84 1
964 80 998 118 1
928 54 958 85 1
932 84 965 116 1
899 79 933 119 1
867 48 901 86 1
870 83 896 118 1
835 55 864 88 1
837 81 868 120 1
804 56 830 90 1
779 59 802 90 1
776 80 803 122 1
742 57 771 92 1
744 78 771 124 1
715 57 741 92 1
713 85 741 123 1
684 57 713 91 1
683 84 711 123 1
657 64 685 98 1
628 59 653 96 1
600 57 623 97 1
621 89 649 130 1
591 90 621 125 1
572 66 596 97 1
543 65 575 99 1
511 67 540 96 1
471 66 504 99 1
436 70 468 97 1
405 66 442 98 1
383 64 415 100 1
358 67 387 96 1
325 72 354 96 1
301 71 334 99 1
275 69 310 104 1
250 70 280 100 1
225 78 253 103 1
199 72 232 105 1
177 71 209 104 1
145 79 181 104 1
119 79 157 108 1
503 85 532 125 1
460 87 488 125 1
427 87 458 126 1
393 90 435 129 1
371 95 400 128 1
341 95 367 128 1
313 92 348 125 1
284 93 316 127 1
258 93 294 128 1
229 94 267 132 1
206 95 240 131 1
175 97 215 136 1
148 93 188 131 1
124 98 159 134 1
95 104 134 137 1
0 113 41 142 1
9 102 47 122 1
16 93 60 111 1
25 78 76 101 1
38 68 89 87 1
57 55 101 74 1
63 44 110 66 1
77 32 120 52 1
97 23 125 39 1
101 13 140 35 1
112 3 147 22 1
168 31 202 60 1
188 10 222 32 1
212 11 239 35 1
232 4 268 29 1
255 4 286 31 1
280 2 308 29 1
244 23 274 52 1
269 24 293 50 1
289 22 319 53 1
313 17 344 51 1
341 17 370 49 1
308 1 331 24 1
329 1 357 25 1
351 2 383 20 1
366 16 395 47 1
392 18 422 50 1
421 20 446 49 1
443 20 470 49 1
470 13 494 49 1
498 15 524 50 1
532 13 557 46 1
499 0 528 21 1
475 0 493 17 1
447 0 472 17 1
423 0 451 19 1
405 0 431 19 1
566 0 590 19 1
591 0 613 20 1
621 0 641 18 1
646 0 672 16 1
671 0 696 13 1
699 0 720 14 1
562 14 591 45 1
587 16 612 49 1
618 13 642 44 1
640 10 662 45 1
667 8 689 42 1
724 3 749 38 1
754 6 772 40 1
779 8 800 39 1
808 3 828 37 1
836 1 858 34 1
865 3 885 36 1
890 1 911 34 1
919 6 943 36 1
968 1 968 1 1
948 1 968 34 1
976 0 1000 31 1
1005 1 1032 34 1
1036 0 1058 31 1
1062 0 1093 31 1
1087 0 1118 24 1
1128 155 1168 197 1
0 127 20 147 1
