42 488 106 561 1
88 494 155 565 1
146 485 206 561 1
195 492 253 568 1
298 494 357 572 1
360 493 410 565 1
571 496 571 496 1
525 496 571 564 1
292 647 349 716 1
246 630 297 705 1
487 656 539 719 1
547 647 601 714 1
1108 504 1205 542 1
1129 547 1222 587 1
1148 587 1239 631 1
1171 639 1268 714 1
1106 430 1156 491 1
903 489 953 559 1
737 490 785 566 1
635 487 677 566 1
685 496 727 562 1
1003 418 1047 494 1
964 420 1007 494 1
909 414 956 490 1
860 424 904 487 1
818 419 857 492 1
767 422 804 492 1
717 419 757 488 1
677 420 712 486 1
634 418 670 486 1
541 418 586 488 1
497 409 544 487 1
451 421 501 482 1
409 412 457 480 1
364 416 411 483 1
299 412 351 483 1
249 413 306 485 1
172 416 222 480 1
93 413 154 477 1
52 409 108 477 1
1 403 75 475 1
1203 317 1250 372 1
1183 264 1230 320 1
1163 216 1211 266 1
1067 305 1111 368 1
1048 259 1091 317 1
1008 264 1050 315 1
1023 311 1068 364 1
968 264 1006 315 1
985 302 1024 363 1
935 303 975 365 1
889 261 922 319 1
853 263 882 306 1
851 299 895 369 1
812 256 845 312 1
812 308 848 360 1
773 302 811 363 1
733 304 767 361 1
694 267 725 310 1
692 301 725 363 1
653 306 690 366 1
614 305 643 365 1
603 307 603 307 1
570 307 603 367 1
687 263 687 263 1
653 265 687 309 1
619 270 645 307 1
579 266 609 310 1
542 260 578 317 1
502 264 539 310 1
469 262 511 309 1
492 305 530 365 1
451 305 493 368 1
413 305 456 361 1
350 306 398 364 1
337 268 383 314 1
342 263 342 263 1
300 268 342 312 1
277 307 320 358 1
310 306 355 363 1
232 270 276 317 1
241 305 283 361 1
129 306 183 365 1
171 267 171 267 1
123 267 171 312 1
92 308 146 363 1
106 300 106 300 1
58 300 106 362 1
28 271 76 312 1
0 268 34 312 1
0 307 46 368 1
1027 180 1063 226 1
1019 145 1055 179 1
985 143 1020 186 1
951 140 982 183 1
957 178 990 227 1
909 138 944 178 1
918 176 950 225 1
884 175 916 225 1
847 144 875 185 1
845 176 872 223 1
813 145 841 180 1
810 171 838 225 1
773 143 804 183 1
774 173 801 226 1
705 176 731 227 1
673 150 706 189 1
669 185 701 229 1
600 185 635 227 1
570 183 603 230 1
536 181 570 233 1
509 147 543 192 1
500 182 535 233 1
427 155 467 193 1
393 156 427 191 1
379 183 419 233 1
345 185 382 230 1
298 154 337 191 1
283 185 320 234 1
240 152 282 197 1
206 155 247 196 1
178 157 219 195 1
156 186 198 235 1
91 161 136 199 1
65 163 103 198 1
31 166 72 199 1
64 191 102 234 1
30 191 76 239 1
3 188 49 236 1
118 99 156 137 1
0 117 35 141 1
11 88 59 116 1
82 23 127 47 1
100 7 142 31 1
165 29 198 59 1
150 102 185 136 1
227 96 264 132 1
337 90 372 131 1
368 90 399 129 1
395 95 429 129 1
430 92 459 127 1
460 89 487 132 1
504 92 531 128 1
562 89 591 130 1
686 82 711 127 1
111 79 149 110 1
147 76 177 104 1
168 76 211 107 1
260 75 260 75 1
219 75 260 103 1
246 77 285 102 1
301 69 338 102 1
354 68 393 94 1
392 64 418 95 1
416 69 444 97 1
471 64 505 100 1
542 66 569 101 1
573 60 597 96 1
600 63 627 101 1
632 62 655 99 1
657 61 685 97 1
716 82 741 124 1
750 48 775 88 1
752 83 774 123 1
779 54 805 93 1
873 52 897 90 1
906 46 925 85 1
935 75 960 119 1
189 28 219 60 1
213 29 243 57 1
241 25 273 56 1
179 12 215 32 1
206 10 238 32 1
253 7 286 28 1
285 26 316 52 1
309 21 338 53 1
297 0 330 26 1
333 0 357 24 1
337 20 364 52 1
359 19 393 50 1
411 18 442 52 1
439 18 466 50 1
465 22 492 52 1
535 17 562 48 1
563 13 588 46 1
590 17 615 43 1
599 0 620 19 1
643 10 668 45 1
695 7 721 45 1
723 6 747 43 1
751 7 773 42 1
921 2 943 36 1
951 0 973 33 1
979 0 1005 35 1
1007 0 1030 31 1
1064 0 1091 31 1
1007 74 1036 115 1
678 655 724 719 1
615 655 660 718 1
805 654 853 719 1
881 660 922 719 1
1095 0 1122 27 1
836 0 861 19 1
889 0 913 14 1
