310 185 355 233 1
375 184 421 232 1
409 187 452 232 1
461 184 503 230 1
500 186 535 229 1
534 186 567 232 1
632 187 664 226 1
702 184 734 222 1
775 182 807 225 1
844 183 879 222 1
880 182 915 219 1
987 180 1027 219 1
1022 175 1068 220 1
226 267 280 310 1
259 265 312 310 1
295 266 344 312 1
335 268 386 310 1
377 268 424 312 1
426 269 471 310 1
458 267 503 311 1
503 264 546 306 1
537 266 580 307 1
573 263 618 308 1
648 264 688 307 1
885 254 931 307 1
928 257 969 307 1
966 255 1014 309 1
1051 258 1098 306 1
202 304 249 361 1
234 305 291 363 1
272 301 323 361 1
307 308 359 365 1
349 306 396 364 1
410 307 449 368 1
443 306 497 366 1
481 309 529 365 1
523 304 571 364 1
565 310 604 364 1
606 310 648 364 1
643 312 685 363 1
690 310 724 361 1
725 311 766 362 1
767 310 804 362 1
808 308 848 360 1
851 311 891 362 1
888 311 934 359 1
934 309 976 362 1
972 307 1022 360 1
1017 311 1062 360 1
127 413 185 473 1
165 417 223 473 1
211 417 268 474 1
254 416 307 472 1
295 421 349 475 1
362 420 412 471 1
405 416 457 472 1
446 416 508 477 1
492 418 545 475 1
535 420 588 478 1
580 419 626 477 1
625 418 672 481 1
669 419 717 475 1
718 417 764 479 1
763 417 809 476 1
811 421 858 480 1
856 422 909 482 1
903 421 957 480 1
952 418 1004 482 1
997 419 1054 485 1
1045 417 1098 481 1
1089 416 1151 479 1
42 501 110 555 1
141 501 211 563 1
295 499 363 562 1
351 501 418 558 1
624 507 683 570 1
361 642 413 718 1
291 643 348 719 1
241 629 296 709 1
177 646 231 713 1
675 655 719 719 1
877 661 917 719 1
1106 504 1198 552 1
1122 545 1218 589 1
1138 589 1237 633 1
1185 639 1258 717 1
1236 396 1279 473 1
1200 319 1248 374 1
1182 272 1226 324 1
1156 211 1200 267 1
740 490 785 565 1
903 490 949 564 1
975 496 1023 559 1
52 414 117 474 1
12 409 74 476 1
0 414 32 470 1
164 311 213 359 1
132 310 178 357 1
96 303 146 362 1
64 309 111 357 1
31 308 80 359 1
1 302 48 363 1
0 269 40 315 1
23 268 74 311 1
59 268 105 314 1
91 267 144 313 1
123 269 166 307 1
161 260 202 313 1
190 267 235 314 1
910 142 938 181 1
841 145 873 188 1
427 151 467 189 1
360 146 402 195 1
326 150 366 195 1
248 191 290 232 1
182 182 231 233 1
152 155 193 193 1
126 192 171 232 1
93 191 136 237 1
64 190 109 233 1
34 190 79 233 1
3 189 51 236 1
37 159 76 192 1
61 162 109 193 1
456 87 494 133 1
530 89 559 125 1
621 87 647 127 1
836 55 862 87 1
775 53 803 92 1
597 63 628 97 1
510 62 546 101 1
379 70 416 103 1
303 66 338 105 1
223 71 260 104 1
201 94 237 134 1
196 67 232 106 1
145 72 183 108 1
117 76 154 109 1
93 104 131 136 1
124 95 160 134 1
149 96 187 132 1
51 58 96 79 1
67 45 111 64 1
92 13 141 36 1
107 5 151 21 1
121 0 159 16 1
181 10 211 35 1
208 8 237 36 1
217 28 247 61 1
333 23 369 51 1
351 1 376 23 1
373 0 402 28 1
396 0 425 25 1
382 20 413 51 1
413 20 442 51 1
541 0 570 20 1
536 17 562 48 1
773 4 802 42 1
807 3 832 39 1
971 1 1003 35 1
0 489 56 557 1
1084 0 1120 28 1
