278 185 324 230 1
598 186 634 230 1
775 182 807 225 1
880 182 915 219 1
956 177 992 222 1
987 180 1027 219 1
1022 175 1068 220 1
226 267 280 310 1
458 267 503 311 1
573 263 618 308 1
763 260 807 306 1
202 304 249 361 1
234 305 291 363 1
307 308 359 365 1
349 306 396 364 1
410 307 449 368 1
443 306 497 366 1
481 309 529 365 1
565 310 604 364 1
725 311 766 362 1
808 308 848 360 1
888 311 934 359 1
934 309 976 362 1
1017 311 1062 360 1
1059 304 1113 358 1
127 413 185 473 1
211 417 268 474 1
254 416 307 472 1
295 421 349 475 1
362 420 412 471 1
405 416 457 472 1
446 416 508 477 1
492 418 545 475 1
535 420 588 478 1
669 419 717 475 1
763 417 809 476 1
1045 417 1098 481 1
1089 416 1151 479 1
188 500 264 564 1
295 499 363 562 1
8 483 73 559 1
124 630 186 710 1
179 640 237 706 1
237 626 305 710 1
295 629 353 710 1
484 647 537 719 1
616 652 659 719 1
672 652 722 719 1
1174 650 1268 719 1
1126 596 1224 636 1
1112 548 1219 596 1
1104 507 1199 550 1
901 484 956 563 1
1176 263 1225 314 1
1199 312 1249 364 1
56 404 118 472 1
19 402 76 467 1
0 404 37 470 1
0 299 55 358 1
838 138 877 187 1
680 83 713 121 1
657 59 687 96 1
887 0 914 35 1
804 0 831 38 1
749 3 775 42 1
723 10 749 42 1
697 0 723 22 1
665 7 694 45 1
647 0 669 16 1
594 0 619 24 1
544 0 575 18 1
559 14 584 47 1
510 66 545 102 1
605 59 633 95 1
435 67 472 99 1
356 68 390 101 1
302 70 338 99 1
194 263 240 310 1
219 185 261 228 1
300 152 341 190 1
393 148 431 193 1
253 68 290 104 1
178 95 221 129 1
184 152 227 190 1
151 150 195 190 1
155 185 203 229 1
94 190 138 230 1
35 163 79 197 1
6 191 51 231 1
0 114 40 137 1
0 102 53 122 1
37 67 88 93 1
73 35 122 54 1
90 17 137 35 1
110 6 155 29 1
96 101 139 135 1
119 78 153 101 1
145 76 182 107 1
167 75 210 107 1
162 26 200 61 1
196 27 221 57 1
216 26 247 56 1
258 23 292 53 1
339 20 372 48 1
360 19 395 51 1
381 0 406 19 1
409 17 444 49 1
426 0 452 15 1
453 0 478 20 1
442 15 468 50 1
0 128 22 151 1
492 15 518 50 1
