367 647 424 718 1
296 650 353 719 1
253 626 301 702 1
187 641 243 700 1
489 654 545 719 1
552 646 609 719 1
933 645 982 719 1
912 487 961 559 1
1102 505 1198 547 1
1125 546 1217 597 1
1150 603 1255 643 1
1178 666 1268 719 1
743 488 787 561 1
1247 415 1279 488 1
1221 361 1275 420 1
1197 310 1247 359 1
1174 260 1225 317 1
1156 218 1200 270 1
1068 307 1118 368 1
1100 424 1153 489 1
1051 421 1106 489 1
635 485 678 561 1
579 491 623 562 1
526 495 572 561 1
356 489 409 558 1
306 483 364 564 1
200 484 255 558 1
149 480 208 559 1
42 484 110 558 1
4 488 61 560 1
1007 423 1057 489 1
961 420 1003 488 1
909 421 948 483 1
862 418 903 481 1
816 415 859 479 1
773 416 807 480 1
723 419 761 479 1
632 417 667 485 1
583 413 625 484 1
542 419 579 482 1
493 419 538 480 1
454 418 495 480 1
407 415 452 476 1
361 417 410 477 1
301 416 353 478 1
259 413 313 483 1
217 414 269 474 1
177 414 231 473 1
137 415 187 476 1
99 413 149 473 1
52 409 114 476 1
15 404 74 473 1
0 407 33 474 1
1049 262 1094 308 1
1008 259 1052 312 1
1023 309 1066 358 1
971 258 1012 311 1
977 305 1018 361 1
930 265 971 312 1
935 307 974 362 1
894 266 926 307 1
896 305 933 358 1
850 256 886 305 1
851 305 890 359 1
811 258 845 306 1
808 306 844 360 1
774 258 804 304 1
775 305 803 362 1
732 263 762 311 1
732 306 765 361 1
690 308 722 354 1
650 308 679 358 1
611 305 644 360 1
573 309 605 358 1
531 304 570 364 1
488 306 530 366 1
453 309 492 358 1
411 305 454 361 1
373 266 417 312 1
354 307 398 360 1
338 268 383 312 1
311 307 356 363 1
273 308 321 360 1
241 309 286 357 1
205 311 247 362 1
173 306 217 359 1
135 306 184 360 1
98 309 148 362 1
60 307 115 362 1
28 308 75 359 1
0 306 45 358 1
695 266 727 306 1
652 261 689 306 1
619 269 649 306 1
574 263 615 312 1
503 267 543 310 1
468 265 509 309 1
431 270 474 306 1
303 266 348 308 1
265 266 309 310 1
230 265 273 314 1
197 271 238 310 1
160 267 204 310 1
125 268 174 311 1
96 270 138 310 1
61 267 113 312 1
27 260 81 310 1
0 268 43 307 1
1031 174 1070 222 1
993 176 1029 227 1
959 178 990 220 1
913 180 952 224 1
881 179 914 222 1
877 146 909 181 1
912 142 945 181 1
943 140 979 181 1
983 143 1015 179 1
1019 143 1055 177 1
841 142 874 181 1
842 179 877 220 1
809 178 839 221 1
812 143 839 181 1
782 144 804 182 1
773 179 802 223 1
743 147 766 180 1
739 176 764 223 1
706 146 735 181 1
702 181 734 233 1
671 179 703 226 1
672 150 702 185 1
638 142 671 184 1
635 182 668 225 1
604 153 638 185 1
600 183 630 227 1
576 153 607 184 1
566 180 597 225 1
544 150 577 186 1
530 184 563 228 1
510 152 545 190 1
497 185 527 226 1
462 184 503 232 1
473 151 508 187 1
430 145 467 187 1
412 190 456 232 1
395 155 429 189 1
382 182 419 231 1
365 154 400 187 1
351 178 385 228 1
335 156 371 190 1
312 193 350 229 1
301 148 338 192 1
283 186 317 230 1
272 154 309 189 1
252 189 290 226 1
241 154 278 188 1
218 193 256 233 1
208 155 245 189 1
187 190 227 230 1
177 154 217 190 1
148 155 188 194 1
118 158 160 190 1
157 190 200 230 1
126 188 166 234 1
98 189 136 233 1
63 189 109 235 1
90 160 132 197 1
63 161 105 199 1
35 165 71 194 1
5 190 48 236 1
37 189 79 233 1
1004 78 1033 116 1
965 81 996 117 1
931 77 963 113 1
904 82 928 117 1
869 80 900 121 1
839 78 866 120 1
808 81 831 118 1
775 78 802 121 1
744 83 771 123 1
713 86 740 121 1
682 85 712 121 1
653 87 680 122 1
594 91 620 127 1
564 91 592 127 1
532 85 563 124 1
501 87 532 128 1
993 50 1022 81 1
957 48 989 85 1
929 55 959 82 1
897 48 927 86 1
869 57 895 85 1
834 53 863 84 1
807 57 833 85 1
779 57 804 81 1
745 57 770 81 1
717 61 741 87 1
687 61 713 83 1
657 58 687 89 1
625 60 655 98 1
600 64 628 89 1
573 66 603 93 1
541 66 573 89 1
511 68 540 92 1
469 67 506 97 1
457 92 485 130 1
442 68 474 99 1
431 95 464 126 1
414 67 444 95 1
399 87 432 130 1
386 63 420 99 1
359 70 391 97 1
370 95 405 128 1
344 90 374 129 1
330 70 362 96 1
306 69 337 100 1
281 73 313 98 1
315 93 348 127 1
287 92 322 128 1
254 90 292 131 1
247 69 284 105 1
224 72 257 105 1
196 77 230 102 1
172 74 203 103 1
145 75 181 106 1
113 82 151 108 1
230 99 263 127 1
200 100 236 130 1
179 97 208 132 1
152 100 186 135 1
122 103 161 137 1
0 117 39 141 1
0 103 48 125 1
13 89 60 112 1
31 77 71 97 1
41 68 87 86 1
55 55 97 77 1
73 45 109 66 1
78 34 115 54 1
87 25 129 46 1
99 15 139 35 1
107 6 149 23 1
116 0 158 14 1
160 34 196 61 1
191 20 223 59 1
218 30 244 58 1
237 27 266 56 1
265 26 297 53 1
287 22 317 54 1
312 22 341 54 1
336 20 367 54 1
366 23 391 47 1
386 19 415 52 1
412 20 440 48 1
439 15 470 51 1
464 20 495 53 1
497 19 526 48 1
531 17 560 50 1
561 13 589 45 1
588 10 615 47 1
609 14 637 48 1
642 12 667 44 1
672 13 698 38 1
695 14 721 43 1
723 3 748 40 1
749 6 772 40 1
776 3 801 38 1
805 3 830 39 1
835 3 857 37 1
862 4 889 36 1
891 3 916 36 1
920 0 945 33 1
951 0 974 34 1
976 0 1002 31 1
1007 2 1037 34 1
1036 0 1066 29 1
1062 0 1089 26 1
180 13 217 29 1
206 9 237 26 1
229 9 265 29 1
252 7 285 28 1
274 5 305 27 1
300 6 332 25 1
329 2 352 25 1
349 0 383 21 1
377 1 402 20 1
400 1 428 20 1
423 1 452 22 1
450 0 477 20 1
475 0 506 21 1
503 0 531 17 1
540 0 565 18 1
879 661 921 718 1
811 656 853 719 1
741 650 787 719 1
672 647 721 719 1
119 642 177 714 1
572 0 593 20 1
596 0 619 12 1
620 0 646 17 1
649 0 672 16 1
672 0 694 16 1
699 0 720 12 1
