149 484 210 557 1
120 631 184 704 1
291 651 353 714 1
479 661 536 718 1
876 661 923 719 1
736 486 784 568 1
907 489 958 561 1
1105 509 1202 551 1
1115 546 1225 598 1
1134 600 1241 647 1
1173 657 1260 719 1
1241 418 1279 489 1
1221 357 1279 421 1
1197 314 1245 362 1
1176 266 1222 313 1
1156 221 1203 268 1
0 416 36 464 1
18 416 74 469 1
59 413 117 475 1
110 417 164 473 1
175 414 231 474 1
211 416 269 476 1
260 421 309 478 1
305 421 351 479 1
361 417 409 477 1
414 417 455 477 1
456 417 506 476 1
497 418 539 475 1
547 414 584 483 1
591 416 625 486 1
635 418 675 486 1
676 417 716 482 1
718 418 756 487 1
768 419 805 488 1
820 406 864 488 1
866 416 907 491 1
910 417 952 487 1
958 415 1004 491 1
1007 421 1054 491 1
1055 419 1099 492 1
1103 421 1155 496 1
1068 303 1115 364 1
1026 304 1069 367 1
1055 261 1096 306 1
1014 256 1054 310 1
971 262 1014 306 1
932 257 972 310 1
937 304 979 365 1
889 258 931 310 1
895 302 933 364 1
850 264 888 311 1
853 306 891 358 1
813 264 845 303 1
809 304 847 364 1
776 264 803 310 1
769 310 805 361 1
735 261 764 305 1
734 303 765 361 1
694 263 726 309 1
695 308 729 358 1
657 263 689 307 1
654 302 691 362 1
621 262 652 309 1
610 306 647 363 1
583 257 614 312 1
569 306 606 369 1
545 267 577 307 1
530 300 567 365 1
505 269 543 307 1
490 303 525 362 1
471 263 511 307 1
450 301 493 360 1
429 271 467 309 1
413 303 457 359 1
380 272 421 313 1
353 304 397 361 1
342 266 378 308 1
319 304 366 358 1
301 267 345 311 1
275 304 334 360 1
263 273 309 309 1
240 302 285 358 1
205 305 258 360 1
227 273 273 307 1
197 269 240 309 1
161 265 207 308 1
125 263 174 311 1
95 266 141 309 1
63 272 107 305 1
19 270 72 310 1
0 269 47 310 1
139 307 181 360 1
171 306 214 358 1
97 309 143 359 1
63 304 108 359 1
29 302 77 358 1
0 304 44 363 1
1032 181 1069 231 1
1022 134 1056 185 1
980 142 1018 179 1
993 174 1030 227 1
958 171 991 223 1
950 142 976 175 1
914 145 944 179 1
915 177 953 226 1
880 141 911 178 1
881 178 914 225 1
843 142 873 181 1
845 182 876 225 1
812 176 844 227 1
810 146 838 176 1
780 148 805 185 1
134 236 194 264 1
776 180 809 229 1
742 144 773 182 1
741 180 772 226 1
709 149 736 182 1
704 182 734 231 1
678 149 704 183 1
670 183 700 231 1
641 148 672 184 1
632 178 668 229 1
612 153 639 186 1
598 182 637 236 1
578 153 612 190 1
565 183 597 231 1
545 153 575 185 1
534 182 567 230 1
510 155 541 187 1
500 179 534 235 1
475 159 508 187 1
464 185 500 236 1
431 151 466 189 1
417 186 453 230 1
394 152 430 185 1
382 180 422 234 1
367 155 399 189 1
353 183 389 233 1
329 157 369 192 1
304 155 340 192 1
316 188 354 230 1
284 187 323 230 1
249 184 291 234 1
275 156 314 189 1
243 159 281 188 1
211 158 251 192 1
185 158 218 192 1
153 162 193 192 1
123 161 162 192 1
100 164 136 194 1
65 159 106 195 1
41 165 76 198 1
2 190 55 236 1
39 193 80 232 1
73 192 106 233 1
99 193 136 236 1
124 192 169 236 1
159 188 198 233 1
188 189 233 233 1
223 188 264 233 1
1001 77 1032 119 1
968 77 1002 115 1
991 44 1023 78 1
962 51 992 82 1
928 50 959 79 1
936 75 965 119 1
902 78 931 121 1
900 53 926 82 1
870 55 894 80 1
868 75 897 121 1
837 77 865 120 1
838 54 866 77 1
813 51 837 94 1
779 52 807 87 1
781 80 806 127 1
749 58 776 84 1
748 82 778 125 1
714 75 746 127 1
721 57 743 78 1
689 61 715 91 1
690 83 713 128 1
660 62 686 89 1
656 86 687 128 1
629 62 657 92 1
625 91 652 130 1
601 63 628 92 1
595 87 623 130 1
575 64 601 93 1
566 87 596 128 1
541 68 573 97 1
514 70 545 95 1
533 92 565 129 1
506 89 531 130 1
473 70 505 98 1
458 91 493 129 1
441 69 474 92 1
426 90 460 132 1
416 66 443 89 1
403 84 435 131 1
382 69 420 95 1
372 91 407 126 1
357 72 389 96 1
344 95 377 129 1
332 68 364 96 1
303 71 340 95 1
315 92 348 127 1
290 90 321 129 1
279 73 313 94 1
263 92 296 135 1
250 66 288 102 1
221 75 257 99 1
196 77 229 100 1
173 73 210 103 1
146 79 180 104 1
120 85 154 108 1
91 104 132 140 1
125 103 161 137 1
150 104 190 136 1
182 99 212 136 1
204 94 237 135 1
231 93 267 136 1
0 117 35 141 1
2 102 52 126 1
19 93 67 109 1
29 81 75 102 1
38 70 87 88 1
70 46 108 73 1
78 37 121 54 1
90 25 134 44 1
103 18 140 31 1
112 7 150 25 1
120 0 156 17 1
166 29 201 63 1
195 28 223 62 1
216 29 243 60 1
240 27 269 62 1
267 27 290 55 1
288 25 319 55 1
312 24 340 59 1
338 21 366 58 1
367 20 392 54 1
393 21 420 51 1
417 19 446 53 1
443 20 471 54 1
469 20 494 56 1
499 18 529 53 1
535 16 562 55 1
570 13 589 52 1
590 12 619 48 1
618 11 644 49 1
645 8 669 46 1
673 6 696 45 1
699 9 722 44 1
726 9 749 46 1
752 3 775 44 1
781 2 801 41 1
810 3 836 42 1
835 3 859 39 1
862 3 889 42 1
892 0 916 38 1
921 3 951 38 1
949 0 977 38 1
980 0 1006 35 1
1006 2 1031 29 1
1033 0 1061 24 1
1021 24 1076 54 1
205 7 234 27 1
228 11 258 29 1
255 8 282 25 1
280 6 313 25 1
308 7 331 23 1
322 4 353 23 1
354 0 379 20 1
378 0 400 22 1
402 3 425 21 1
425 0 450 18 1
455 0 476 21 1
480 0 502 18 1
505 0 533 16 1
544 0 566 14 1
571 0 595 16 1
596 0 618 13 1
621 0 645 17 1
1064 0 1091 33 1
