278 185 324 230 1
461 184 503 230 1
702 184 734 222 1
735 182 772 225 1
807 183 842 222 1
987 180 1027 219 1
1022 175 1068 220 1
295 266 344 312 1
377 268 424 312 1
966 255 1014 309 1
1011 256 1054 307 1
1051 258 1098 306 1
234 305 291 363 1
272 301 323 361 1
349 306 396 364 1
410 307 449 368 1
443 306 497 366 1
565 310 604 364 1
643 312 685 363 1
690 310 724 361 1
808 308 848 360 1
851 311 891 362 1
934 309 976 362 1
1017 311 1062 360 1
165 417 223 473 1
211 417 268 474 1
254 416 307 472 1
295 421 349 475 1
362 420 412 471 1
405 416 457 472 1
446 416 508 477 1
492 418 545 475 1
535 420 588 478 1
580 419 626 477 1
669 419 717 475 1
718 417 764 479 1
763 417 809 476 1
811 421 858 480 1
856 422 909 482 1
903 421 957 480 1
952 418 1004 482 1
997 419 1054 485 1
1089 416 1151 479 1
141 501 211 563 1
188 500 264 564 1
624 507 683 570 1
364 644 422 716 1
1 482 60 562 1
741 490 786 567 1
906 487 956 561 1
1112 507 1200 553 1
1133 557 1239 604 1
1139 607 1230 655 1
1183 661 1268 719 1
1178 266 1223 318 1
90 408 150 478 1
54 405 110 476 1
0 301 50 358 1
95 309 142 357 1
129 304 182 362 1
126 267 171 310 1
737 146 772 183 1
947 139 982 187 1
1038 115 1096 154 1
985 49 1019 85 1
920 4 944 36 1
867 54 895 93 1
777 54 805 91 1
540 69 575 101 1
512 150 545 193 1
429 152 466 195 1
207 156 252 197 1
172 157 219 198 1
62 162 107 201 1
93 200 139 239 1
36 68 89 89 1
86 23 132 47 1
124 101 162 138 1
176 98 216 135 1
223 75 259 105 1
230 96 265 133 1
272 73 308 104 1
299 70 337 101 1
283 100 324 132 1
337 94 376 131 1
357 69 389 96 1
384 68 414 104 1
412 67 445 97 1
396 97 431 128 1
471 70 498 105 1
723 3 749 42 1
694 7 722 42 1
643 12 668 50 1
618 13 639 46 1
591 15 614 47 1
534 17 562 55 1
488 21 519 50 1
413 23 446 53 1
404 0 430 26 1
338 19 369 56 1
280 6 310 30 1
267 27 298 54 1
239 21 269 57 1
218 26 249 57 1
194 27 228 60 1
876 659 918 719 1
676 656 718 719 1
112 649 174 709 1
0 132 23 155 1
779 0 805 17 1
598 0 622 20 1
