1107 425 1155 490 1
1110 503 1198 545 1
1121 542 1213 588 1
1182 663 1268 719 1
1248 425 1279 499 1
1203 316 1251 373 1
1187 269 1229 323 1
1167 223 1208 276 1
913 491 957 559 1
1036 492 1094 573 1
365 645 425 719 1
294 646 347 719 1
247 629 290 707 1
297 488 362 566 1
520 498 572 566 1
633 493 676 570 1
743 491 787 566 1
189 489 259 566 1
146 484 205 560 1
48 411 110 476 1
10 415 65 472 1
0 412 22 470 1
121 419 180 475 1
168 414 221 473 1
207 411 267 480 1
254 417 302 480 1
301 418 348 477 1
367 417 411 476 1
405 415 452 478 1
454 416 496 478 1
496 415 542 480 1
541 410 584 477 1
586 421 630 481 1
634 422 670 486 1
677 408 716 484 1
764 415 803 486 1
816 418 853 490 1
861 410 903 488 1
912 417 956 489 1
961 419 1003 489 1
1004 424 1053 491 1
1054 416 1107 490 1
1023 310 1066 356 1
970 262 1014 313 1
980 312 1026 369 1
937 305 978 368 1
892 302 932 361 1
850 299 888 361 1
809 304 849 364 1
772 302 800 358 1
724 298 762 358 1
688 307 723 362 1
646 304 681 363 1
607 310 646 356 1
565 311 605 366 1
524 309 564 364 1
488 309 527 361 1
447 312 491 364 1
407 310 452 366 1
430 261 473 306 1
372 270 415 310 1
350 307 399 361 1
314 308 357 359 1
278 308 321 362 1
335 263 380 311 1
261 258 309 314 1
239 311 285 362 1
204 305 248 362 1
164 307 213 364 1
162 258 207 313 1
128 309 181 360 1
92 311 142 361 1
0 264 52 318 1
919 173 954 227 1
984 138 1020 185 1
809 145 842 187 1
703 175 736 227 1
668 178 700 225 1
641 148 673 193 1
611 142 638 189 1
566 178 600 228 1
547 144 579 192 1
472 152 513 189 1
462 187 500 230 1
417 183 448 232 1
428 149 462 189 1
388 153 425 194 1
345 184 384 229 1
314 181 353 229 1
235 155 276 193 1
205 152 241 193 1
182 193 222 233 1
147 155 191 198 1
122 157 159 197 1
120 198 167 237 1
93 160 129 194 1
62 186 107 232 1
34 190 75 232 1
4 190 47 233 1
14 158 54 196 1
0 104 46 128 1
33 68 83 90 1
50 54 95 76 1
71 37 117 58 1
103 7 150 28 1
89 108 128 137 1
123 100 155 134 1
147 97 184 135 1
172 101 210 134 1
114 82 150 104 1
144 79 176 101 1
170 77 204 102 1
195 75 233 103 1
270 72 310 100 1
303 67 333 98 1
331 70 362 96 1
315 92 347 127 1
383 67 416 102 1
437 63 472 101 1
458 86 491 128 1
504 66 540 95 1
504 92 533 127 1
535 88 564 129 1
600 66 627 94 1
777 50 799 95 1
952 50 990 89 1
976 2 1013 34 1
749 3 778 38 1
640 8 666 46 1
583 13 617 48 1
488 18 519 51 1
508 0 531 25 1
439 18 468 47 1
409 19 444 51 1
396 0 429 27 1
372 2 401 28 1
346 0 379 23 1
323 2 354 23 1
277 7 309 29 1
338 21 369 49 1
310 21 339 49 1
284 26 318 51 1
260 26 292 53 1
240 26 270 54 1
212 29 245 56 1
186 29 221 56 1
207 7 237 29 1
180 12 214 30 1
169 33 197 61 1
0 132 29 152 1
1148 595 1243 644 1
123 0 169 10 1
