310 185 355 233 1
345 185 388 233 1
375 184 421 232 1
409 187 452 232 1
461 184 503 230 1
500 186 535 229 1
534 186 567 232 1
565 184 599 230 1
598 186 634 230 1
632 187 664 226 1
665 186 699 227 1
702 184 734 222 1
735 182 772 225 1
807 183 842 222 1
844 183 879 222 1
880 182 915 219 1
987 180 1027 219 1
226 267 280 310 1
259 265 312 310 1
295 266 344 312 1
335 268 386 310 1
426 269 471 310 1
458 267 503 311 1
537 266 580 307 1
573 263 618 308 1
614 263 655 307 1
648 264 688 307 1
728 264 766 307 1
763 260 807 306 1
849 257 889 310 1
885 254 931 307 1
966 255 1014 309 1
202 304 249 361 1
234 305 291 363 1
272 301 323 361 1
307 308 359 365 1
349 306 396 364 1
410 307 449 368 1
443 306 497 366 1
481 309 529 365 1
523 304 571 364 1
565 310 604 364 1
606 310 648 364 1
643 312 685 363 1
690 310 724 361 1
725 311 766 362 1
767 310 804 362 1
808 308 848 360 1
888 311 934 359 1
934 309 976 362 1
972 307 1022 360 1
1017 311 1062 360 1
1059 304 1113 358 1
127 413 185 473 1
165 417 223 473 1
211 417 268 474 1
254 416 307 472 1
295 421 349 475 1
362 420 412 471 1
405 416 457 472 1
446 416 508 477 1
492 418 545 475 1
535 420 588 478 1
580 419 626 477 1
625 418 672 481 1
669 419 717 475 1
718 417 764 479 1
763 417 809 476 1
811 421 858 480 1
856 422 909 482 1
903 421 957 480 1
952 418 1004 482 1
997 419 1054 485 1
1045 417 1098 481 1
1089 416 1151 479 1
87 500 158 561 1
141 501 211 563 1
188 500 264 564 1
295 499 363 562 1
351 501 418 558 1
576 505 629 567 1
624 507 683 570 1
57 641 124 709 1
120 631 168 702 1
177 642 237 706 1
296 643 356 710 1
549 649 601 719 1
618 655 662 719 1
674 648 723 719 1
872 653 918 719 1
933 635 986 719 1
1173 638 1259 704 1
1135 590 1239 640 1
1118 544 1225 589 1
1101 505 1203 545 1
1232 401 1279 472 1
1162 230 1207 275 1
1031 490 1086 570 1
966 494 1024 566 1
907 487 955 560 1
735 488 782 561 1
3 484 72 557 1
92 411 148 472 1
55 408 112 474 1
17 412 74 471 1
0 408 35 472 1
164 306 214 358 1
132 312 177 354 1
100 303 146 354 1
32 305 78 356 1
1 303 46 352 1
0 266 41 311 1
24 269 81 310 1
60 267 113 311 1
93 268 142 314 1
134 264 178 308 1
158 268 211 307 1
839 144 877 184 1
739 144 771 182 1
607 143 643 187 1
470 152 509 189 1
429 153 466 187 1
213 156 246 190 1
246 190 285 232 1
210 187 256 235 1
183 187 222 235 1
150 187 193 232 1
119 192 163 236 1
66 164 108 197 1
34 190 78 234 1
9 190 49 235 1
202 97 239 133 1
151 99 188 136 1
122 103 161 135 1
91 106 132 134 1
119 77 152 106 1
150 79 180 101 1
177 75 204 100 1
224 70 255 98 1
251 73 283 104 1
357 66 391 101 1
387 69 412 98 1
473 65 501 93 1
460 96 492 131 1
499 97 531 128 1
517 65 538 97 1
542 68 568 97 1
539 94 561 126 1
632 59 660 97 1
776 79 800 120 1
773 50 802 82 1
901 72 935 114 1
964 73 996 116 1
945 0 978 36 1
890 6 918 39 1
669 10 694 44 1
640 7 665 47 1
541 0 567 25 1
502 0 527 26 1
436 18 470 51 1
362 21 397 51 1
377 2 406 23 1
352 3 379 22 1
337 19 367 50 1
312 23 342 53 1
323 5 351 28 1
303 6 329 30 1
255 7 283 33 1
233 9 257 31 1
210 10 236 30 1
183 14 209 34 1
167 33 196 60 1
193 31 223 58 1
214 30 249 59 1
0 112 37 138 1
4 100 52 121 1
38 67 86 90 1
51 56 102 77 1
67 29 127 57 1
98 17 145 34 1
117 0 159 17 1
1143 182 1185 230 1
1116 114 1159 158 1
