345 185 388 233 1
349 306 396 364 1
410 307 449 368 1
481 309 529 365 1
1059 304 1113 358 1
362 420 412 471 1
405 416 457 472 1
669 419 717 475 1
1089 416 1151 479 1
51 405 114 476 1
30 307 81 359 1
0 305 41 355 1
90 195 134 238 1
65 190 107 236 1
31 189 73 238 1
3 187 49 234 1
70 158 117 193 1
37 161 74 197 1
476 151 511 195 1
1113 510 1200 550 1
410 67 445 103 1
301 66 334 103 1
223 69 260 110 1
144 77 177 107 1
115 76 149 108 1
95 103 134 138 1
36 67 87 89 1
53 53 100 75 1
113 0 156 16 1
163 36 197 60 1
180 11 213 33 1
209 11 232 35 1
229 7 261 34 1
217 26 242 55 1
309 24 339 55 1
333 0 357 27 1
362 19 392 53 1
537 0 566 24 1
556 14 585 45 1
619 0 649 25 1
746 56 772 90 1
813 9 867 47 1
1029 4 1063 33 1
1017 143 1056 188 1
168 644 228 714 1
