0 486 63 559 1
153 485 211 556 1
203 483 260 562 1
305 483 363 568 1
357 487 412 563 1
476 495 525 568 1
527 498 576 579 1
113 647 179 719 1
178 644 234 719 1
245 630 304 703 1
294 650 347 716 1
365 649 421 716 1
479 656 539 719 1
546 646 592 718 1
619 652 662 719 1
673 652 715 719 1
736 646 780 719 1
874 656 924 719 1
975 493 1026 575 1
910 492 955 565 1
1035 490 1088 575 1
1179 622 1279 671 1
1175 669 1255 719 1
1127 576 1229 628 1
1116 538 1212 583 1
1111 503 1196 548 1
1224 363 1273 426 1
1196 315 1247 372 1
1181 267 1228 319 1
1164 227 1205 274 1
1005 372 1082 427 1
1055 423 1101 489 1
952 408 1001 489 1
906 419 950 490 1
861 421 900 488 1
812 414 855 490 1
798 497 844 564 1
743 488 791 567 1
692 492 732 565 1
633 481 676 571 1
545 419 589 482 1
500 416 545 482 1
453 418 502 484 1
409 417 460 483 1
366 419 418 479 1
301 414 353 484 1
255 417 305 483 1
222 411 265 481 1
177 415 225 476 1
131 413 191 482 1
96 416 151 476 1
60 407 115 477 1
18 412 74 473 1
0 413 35 469 1
636 415 672 480 1
680 413 717 480 1
725 419 760 488 1
765 417 806 488 1
1064 304 1104 364 1
1020 309 1063 359 1
1014 265 1052 311 1
1055 262 1097 310 1
972 253 1015 314 1
979 310 1021 359 1
944 302 981 363 1
929 257 970 311 1
888 256 927 313 1
897 309 935 360 1
848 302 888 364 1
848 260 884 304 1
808 257 844 311 1
806 302 844 361 1
771 303 803 360 1
772 257 803 307 1
739 263 770 309 1
732 304 766 362 1
688 306 727 362 1
695 261 728 309 1
655 260 688 306 1
644 304 681 366 1
606 312 643 362 1
580 262 620 308 1
569 304 609 362 1
543 265 578 316 1
532 311 570 361 1
491 303 535 368 1
506 264 540 307 1
464 255 508 310 1
434 261 471 307 1
453 305 495 364 1
412 304 459 365 1
376 264 423 311 1
355 300 403 367 1
312 305 361 360 1
272 306 324 362 1
239 305 290 361 1
209 302 250 359 1
129 303 181 362 1
93 307 139 359 1
63 305 106 360 1
30 303 72 360 1
0 303 42 363 1
265 268 311 313 1
227 267 271 309 1
195 270 235 312 1
160 259 204 308 1
127 269 168 310 1
92 266 137 308 1
61 271 107 311 1
24 265 74 313 1
0 271 37 307 1
1028 174 1062 224 1
983 145 1017 182 1
1022 141 1052 182 1
952 178 984 224 1
944 142 978 180 1
904 139 944 177 1
915 176 952 223 1
882 177 917 229 1
876 142 908 181 1
838 136 868 180 1
841 178 877 225 1
803 144 838 181 1
806 179 841 223 1
770 171 805 226 1
737 143 767 185 1
738 180 766 227 1
708 148 733 186 1
703 182 737 226 1
672 182 699 227 1
673 149 704 181 1
640 142 669 187 1
638 184 667 227 1
607 152 636 186 1
602 184 634 228 1
567 176 602 234 1
543 152 577 192 1
534 192 565 234 1
484 155 513 191 1
461 185 500 233 1
416 186 448 231 1
395 151 436 190 1
380 183 418 230 1
364 153 401 190 1
337 151 368 190 1
302 155 342 187 1
345 185 390 234 1
317 190 353 234 1
284 188 317 234 1
252 187 287 232 1
223 186 258 229 1
213 151 255 190 1
182 148 220 190 1
150 158 190 191 1
123 160 161 191 1
91 159 133 193 1
64 162 101 195 1
5 192 47 235 1
33 193 79 233 1
67 191 110 232 1
101 190 141 231 1
128 188 164 232 1
154 186 197 234 1
0 116 33 141 1
6 105 47 127 1
17 95 61 112 1
24 79 74 101 1
34 70 88 90 1
56 60 93 78 1
69 47 111 69 1
83 26 129 44 1
99 18 135 38 1
107 7 152 28 1
118 0 160 14 1
92 103 128 136 1
120 79 158 108 1
147 84 179 105 1
174 74 201 107 1
153 103 185 134 1
194 69 233 101 1
182 99 210 131 1
225 77 261 96 1
206 100 235 130 1
233 95 267 132 1
280 66 316 98 1
260 93 294 127 1
305 68 335 100 1
289 94 323 129 1
333 67 358 99 1
316 92 349 131 1
360 70 388 94 1
343 92 374 131 1
384 68 418 103 1
441 66 475 92 1
432 89 462 126 1
461 88 493 130 1
474 63 503 93 1
512 69 539 103 1
539 67 571 91 1
534 85 570 128 1
572 59 605 102 1
600 62 629 96 1
596 91 620 126 1
622 88 653 123 1
631 59 658 94 1
659 57 689 92 1
655 85 681 131 1
685 88 713 122 1
716 85 739 123 1
684 53 717 91 1
716 49 745 91 1
745 59 777 91 1
779 57 804 93 1
770 85 810 120 1
832 45 863 88 1
838 84 866 120 1
870 51 893 81 1
867 78 901 122 1
904 47 931 76 1
902 73 931 120 1
933 47 955 84 1
937 79 963 116 1
958 45 987 84 1
969 78 996 119 1
1005 72 1029 116 1
988 44 1017 81 1
1064 3 1096 30 1
1034 2 1068 34 1
977 0 1006 35 1
918 6 948 29 1
888 8 915 35 1
835 6 866 35 1
807 5 831 42 1
777 6 803 43 1
723 8 746 38 1
696 6 723 46 1
669 9 697 44 1
642 10 666 47 1
587 6 617 49 1
564 13 585 48 1
534 17 560 48 1
493 18 527 49 1
472 20 499 49 1
418 20 447 51 1
390 25 418 50 1
362 23 388 53 1
337 23 369 52 1
313 24 341 54 1
287 27 315 54 1
261 25 290 57 1
241 28 266 53 1
213 29 243 56 1
190 31 219 59 1
166 31 196 59 1
184 13 211 32 1
210 11 235 27 1
234 12 259 32 1
277 8 306 25 1
303 5 332 27 1
379 0 400 23 1
400 1 427 23 1
424 2 454 20 1
450 0 476 27 1
476 0 501 23 1
501 0 528 19 1
540 0 565 21 1
571 0 592 21 1
594 0 621 17 1
620 0 645 24 1
0 132 31 154 1
