461 184 503 230 1
534 186 567 232 1
565 184 599 230 1
735 182 772 225 1
775 182 807 225 1
844 183 879 222 1
917 182 956 222 1
956 177 992 222 1
987 180 1027 219 1
226 267 280 310 1
259 265 312 310 1
335 268 386 310 1
377 268 424 312 1
426 269 471 310 1
458 267 503 311 1
537 266 580 307 1
573 263 618 308 1
614 263 655 307 1
763 260 807 306 1
809 254 848 306 1
885 254 931 307 1
928 257 969 307 1
966 255 1014 309 1
1051 258 1098 306 1
202 304 249 361 1
234 305 291 363 1
272 301 323 361 1
349 306 396 364 1
410 307 449 368 1
443 306 497 366 1
481 309 529 365 1
523 304 571 364 1
643 312 685 363 1
725 311 766 362 1
767 310 804 362 1
808 308 848 360 1
851 311 891 362 1
888 311 934 359 1
934 309 976 362 1
972 307 1022 360 1
1017 311 1062 360 1
1059 304 1113 358 1
127 413 185 473 1
165 417 223 473 1
211 417 268 474 1
254 416 307 472 1
295 421 349 475 1
362 420 412 471 1
405 416 457 472 1
535 420 588 478 1
580 419 626 477 1
625 418 672 481 1
669 419 717 475 1
763 417 809 476 1
811 421 858 480 1
856 422 909 482 1
903 421 957 480 1
952 418 1004 482 1
1089 416 1151 479 1
87 500 158 561 1
141 501 211 563 1
295 499 363 562 1
351 501 418 558 1
576 505 629 567 1
0 492 67 560 1
49 408 114 476 1
0 414 34 473 1
178 643 241 709 1
251 628 301 703 1
297 648 347 704 1
367 647 422 719 1
543 647 591 719 1
936 641 984 719 1
1109 510 1203 550 1
1126 554 1215 595 1
1140 608 1233 654 1
1178 662 1273 719 1
1245 412 1279 483 1
1172 265 1227 318 1
1162 218 1199 267 1
742 489 788 558 1
859 488 904 567 1
916 488 957 562 1
165 309 216 365 1
129 309 184 361 1
94 308 144 361 1
59 299 114 358 1
29 309 73 357 1
0 304 42 358 1
0 269 42 312 1
28 267 77 311 1
61 272 108 313 1
97 272 139 306 1
129 266 171 310 1
166 267 211 309 1
913 141 944 180 1
963 78 996 119 1
831 51 862 88 1
946 0 974 36 1
885 0 920 37 1
832 0 863 35 1
776 3 805 36 1
668 7 693 45 1
715 57 742 90 1
745 82 777 126 1
544 68 573 99 1
638 146 672 190 1
473 149 509 187 1
425 151 465 192 1
330 155 371 193 1
206 155 251 194 1
217 191 263 232 1
144 193 198 233 1
95 191 139 234 1
88 150 131 181 1
62 191 110 237 1
38 193 81 238 1
36 163 77 198 1
4 199 51 234 1
0 117 36 138 1
4 104 51 122 1
10 92 64 111 1
31 80 75 99 1
47 68 84 85 1
62 44 108 70 1
94 20 140 41 1
109 10 145 23 1
118 0 161 18 1
89 102 129 137 1
119 101 159 136 1
174 101 209 138 1
226 97 266 133 1
253 100 288 130 1
282 94 318 128 1
303 73 334 96 1
328 71 362 100 1
357 71 389 99 1
381 69 417 98 1
460 93 490 130 1
466 71 499 98 1
507 65 542 98 1
437 68 469 99 1
306 47 357 71 1
248 75 288 98 1
196 77 234 101 1
151 73 186 102 1
121 74 155 105 1
166 31 198 60 1
187 9 220 30 1
193 30 225 59 1
218 26 246 57 1
238 22 271 55 1
212 8 236 31 1
233 10 258 29 1
258 2 288 25 1
265 26 292 49 1
275 34 311 62 1
311 22 343 48 1
282 0 307 28 1
305 0 332 28 1
329 1 354 24 1
349 0 380 29 1
378 0 401 26 1
398 0 431 21 1
388 19 417 53 1
462 24 496 52 1
492 22 519 50 1
446 0 478 30 1
477 0 503 24 1
503 0 534 25 1
539 0 564 23 1
563 0 592 26 1
588 0 618 24 1
609 14 637 48 1
621 0 641 21 1
677 652 731 719 1
873 647 918 716 1
