295 266 344 312 1
377 268 424 312 1
307 308 359 365 1
481 309 529 365 1
565 310 604 364 1
767 310 804 362 1
808 308 848 360 1
1017 311 1062 360 1
165 417 223 473 1
254 416 307 472 1
295 421 349 475 1
405 416 457 472 1
492 418 545 475 1
580 419 626 477 1
763 417 809 476 1
811 421 858 480 1
856 422 909 482 1
1045 417 1098 481 1
87 410 147 474 1
125 309 178 357 1
4 193 53 241 1
139 77 184 112 1
248 68 287 107 1
682 88 712 122 1
1163 216 1209 271 1
1193 308 1247 360 1
1246 412 1279 475 1
613 12 642 44 1
528 17 561 49 1
541 0 568 17 1
500 0 530 22 1
493 18 520 47 1
310 17 345 53 1
276 5 310 33 1
258 3 285 32 1
233 6 258 34 1
207 9 240 34 1
181 1 215 37 1
39 71 85 90 1
52 59 97 74 1
67 43 110 60 1
