118 635 185 709 1
188 643 239 706 1
240 626 300 708 1
293 643 350 709 1
544 649 594 719 1
611 653 661 715 1
672 649 716 716 1
356 493 410 554 1
581 499 624 566 1
634 489 674 565 1
740 487 784 562 1
907 487 956 562 1
969 490 1026 565 1
1030 494 1087 568 1
804 645 851 719 1
869 656 916 718 1
1099 501 1202 542 1
1118 546 1226 590 1
1133 589 1226 636 1
1175 647 1257 719 1
1241 399 1279 465 1
1199 322 1251 372 1
1179 268 1223 315 1
1163 229 1202 271 1
1144 189 1183 227 1
1108 420 1155 488 1
1053 421 1105 489 1
1000 409 1049 489 1
954 424 995 483 1
909 417 948 479 1
859 413 898 486 1
812 417 852 483 1
765 416 804 478 1
726 417 760 477 1
676 414 715 481 1
626 414 668 485 1
584 413 623 477 1
539 412 583 477 1
302 485 363 563 1
198 480 253 559 1
151 479 210 556 1
41 481 111 557 1
0 481 62 558 1
496 413 539 478 1
451 417 499 480 1
406 411 455 473 1
361 414 411 475 1
281 375 360 419 1
302 418 353 474 1
261 416 310 474 1
210 413 264 472 1
170 410 230 476 1
142 413 191 469 1
90 413 147 470 1
53 401 114 472 1
16 412 74 467 1
0 409 38 464 1
1066 312 1109 361 1
1057 258 1096 311 1
1014 260 1054 308 1
1020 299 1063 359 1
981 305 1018 363 1
971 255 1013 307 1
926 257 966 306 1
925 305 967 363 1
887 255 925 307 1
891 301 925 357 1
846 260 881 309 1
847 308 890 359 1
810 306 843 357 1
772 308 808 356 1
771 262 804 308 1
729 260 764 301 1
725 300 764 357 1
693 258 724 306 1
685 304 718 355 1
655 265 686 305 1
644 300 681 360 1
618 258 652 306 1
609 302 644 357 1
578 257 612 307 1
567 300 609 361 1
540 261 578 308 1
531 303 571 357 1
502 258 539 310 1
490 307 530 355 1
469 260 505 307 1
448 303 490 359 1
429 264 471 311 1
412 303 456 355 1
370 262 420 307 1
349 304 398 360 1
338 257 374 305 1
310 302 357 358 1
295 262 346 306 1
275 301 324 356 1
264 264 303 308 1
238 303 285 354 1
205 305 245 357 1
222 266 267 305 1
192 264 235 311 1
160 263 203 305 1
132 302 182 358 1
129 262 168 310 1
96 265 139 306 1
95 305 144 359 1
61 302 108 358 1
61 264 106 312 1
29 268 70 309 1
0 270 43 310 1
24 305 77 360 1
0 302 40 357 1
1024 177 1067 220 1
1019 135 1050 178 1
982 140 1016 176 1
992 177 1023 218 1
949 145 981 178 1
958 179 987 222 1
912 135 946 180 1
916 175 953 219 1
873 138 906 179 1
882 181 910 219 1
841 143 873 179 1
843 177 877 221 1
806 141 838 185 1
803 115 854 144 1
774 144 803 179 1
773 183 806 223 1
736 176 770 220 1
739 145 766 179 1
704 147 733 179 1
703 184 731 226 1
669 181 699 225 1
632 184 665 225 1
676 151 700 183 1
635 152 672 188 1
609 149 638 182 1
598 179 633 226 1
570 154 603 188 1
561 179 600 227 1
543 150 573 186 1
531 186 567 229 1
507 152 542 187 1
492 184 534 232 1
475 154 510 189 1
462 187 497 230 1
430 153 463 188 1
391 152 434 187 1
362 152 400 188 1
333 155 369 187 1
300 148 338 186 1
269 155 307 192 1
237 155 275 187 1
210 152 244 190 1
181 159 217 194 1
150 160 190 192 1
120 162 157 193 1
91 162 130 192 1
58 164 100 195 1
34 163 71 193 1
0 183 25 226 1
8 190 52 226 1
35 191 81 232 1
64 187 108 232 1
100 187 141 229 1
123 188 164 229 1
150 190 197 232 1
186 187 226 228 1
214 184 259 230 1
252 189 289 229 1
277 181 320 236 1
313 182 353 232 1
347 183 384 229 1
379 185 416 231 1
411 184 446 229 1
1002 82 1036 117 1
970 79 997 121 1
932 84 965 117 1
899 73 935 113 1
894 47 926 75 1
929 43 957 84 1
960 50 989 85 1
991 44 1018 80 1
1022 43 1051 82 1
873 80 900 120 1
860 53 894 83 1
833 44 864 80 1
838 78 868 118 1
804 54 836 84 1
800 83 833 117 1
775 52 803 84 1
775 84 804 115 1
743 53 775 85 1
743 85 775 118 1
718 53 748 83 1
715 76 743 122 1
688 55 711 83 1
680 80 712 122 1
654 57 684 92 1
650 87 678 122 1
626 60 653 92 1
617 87 647 125 1
602 59 627 84 1
572 59 602 87 1
538 57 571 95 1
511 66 542 95 1
494 89 531 130 1
531 91 563 125 1
560 86 595 122 1
590 84 621 125 1
460 86 491 126 1
473 66 502 91 1
446 66 475 92 1
414 68 442 90 1
382 66 415 94 1
356 63 388 95 1
330 67 360 95 1
303 64 334 98 1
276 71 302 95 1
252 68 282 95 1
225 64 260 98 1
197 71 231 97 1
174 69 201 101 1
148 73 179 105 1
120 75 158 102 1
428 90 462 125 1
400 88 431 126 1
374 90 402 125 1
342 87 376 125 1
317 91 346 126 1
288 90 317 127 1
262 90 291 124 1
230 87 267 128 1
205 91 235 131 1
178 94 208 132 1
153 99 183 131 1
128 100 156 130 1
95 98 135 134 1
66 109 103 137 1
0 114 32 139 1
0 100 49 122 1
14 87 59 109 1
28 78 77 100 1
38 66 84 85 1
55 54 97 74 1
74 42 108 63 1
86 29 115 52 1
96 21 130 39 1
94 15 137 30 1
105 2 149 23 1
144 25 179 55 1
113 37 137 72 1
174 29 202 58 1
196 29 225 57 1
217 26 247 54 1
242 22 268 50 1
264 23 293 53 1
294 19 319 50 1
318 22 344 51 1
338 21 368 47 1
332 37 381 64 1
366 22 393 47 1
389 17 419 50 1
414 20 444 47 1
440 14 467 50 1
469 15 495 46 1
496 15 522 46 1
537 11 562 46 1
559 14 591 43 1
591 11 614 46 1
617 10 642 40 1
645 8 664 41 1
670 9 693 39 1
698 9 719 41 1
727 9 748 39 1
751 9 772 38 1
777 2 801 39 1
809 4 828 35 1
837 6 862 37 1
866 6 887 36 1
895 1 918 34 1
922 2 946 34 1
947 5 975 32 1
975 0 1001 32 1
1005 4 1032 29 1
1036 0 1062 29 1
1064 0 1091 27 1
184 8 214 27 1
209 7 242 30 1
232 6 264 30 1
255 5 284 27 1
274 3 305 25 1
304 3 329 24 1
330 0 355 24 1
357 1 380 21 1
373 0 405 23 1
402 0 426 21 1
421 0 448 22 1
445 0 476 21 1
470 0 500 18 1
503 0 531 19 1
