425 648 478 719 1
359 642 421 719 1
293 643 349 719 1
242 635 297 707 1
179 636 238 711 1
933 637 984 719 1
1120 547 1212 590 1
1178 678 1243 719 1
1192 307 1244 362 1
1056 260 1101 318 1
1101 423 1155 492 1
1054 418 1101 487 1
952 419 1001 490 1
899 486 954 560 1
853 489 895 562 1
811 419 851 487 1
723 413 761 484 1
740 486 783 563 1
674 414 714 484 1
585 413 629 482 1
629 488 673 564 1
577 492 622 564 1
520 486 572 565 1
468 486 517 564 1
356 493 408 558 1
302 487 360 567 1
197 490 259 559 1
145 489 204 561 1
101 492 159 557 1
49 492 109 556 1
3 485 67 560 1
0 412 28 470 1
10 412 68 469 1
50 409 104 475 1
89 417 141 471 1
130 415 175 475 1
168 417 222 475 1
209 419 260 477 1
252 415 303 475 1
292 416 343 477 1
364 416 414 477 1
409 416 457 473 1
454 414 495 477 1
498 417 541 475 1
539 419 585 476 1
1009 260 1050 310 1
933 307 976 359 1
893 304 929 361 1
847 305 885 361 1
809 302 842 360 1
848 258 881 309 1
692 256 732 306 1
733 309 765 359 1
688 302 723 358 1
649 301 682 359 1
612 258 650 311 1
556 230 622 262 1
608 302 648 364 1
569 300 608 359 1
528 301 569 365 1
501 267 539 307 1
490 303 529 361 1
467 266 506 312 1
451 310 497 360 1
411 304 456 362 1
425 267 464 310 1
373 265 415 309 1
354 307 402 357 1
337 266 381 309 1
312 305 356 358 1
301 266 342 311 1
261 266 310 310 1
230 268 274 308 1
192 265 239 311 1
158 266 208 311 1
124 266 170 309 1
88 269 138 310 1
54 263 109 311 1
28 268 73 312 1
0 271 41 310 1
0 305 48 355 1
23 308 82 352 1
61 307 109 359 1
95 304 140 359 1
129 306 175 355 1
162 305 218 362 1
208 306 252 355 1
241 307 289 358 1
281 309 322 360 1
738 179 769 223 1
770 138 805 188 1
876 176 912 227 1
907 142 940 186 1
1025 177 1067 222 1
948 178 987 222 1
678 140 712 186 1
638 146 672 191 1
603 151 635 186 1
598 176 635 229 1
564 182 598 226 1
573 150 607 189 1
539 147 578 189 1
533 179 570 227 1
500 183 536 228 1
508 152 539 189 1
473 150 510 189 1
469 185 501 228 1
430 153 464 189 1
407 186 449 234 1
394 151 434 187 1
381 190 417 229 1
363 152 400 191 1
346 186 386 229 1
332 156 369 191 1
312 188 351 230 1
301 153 338 185 1
282 186 322 229 1
249 187 289 233 1
218 185 260 231 1
187 189 230 231 1
159 189 198 229 1
127 194 167 230 1
94 188 139 233 1
65 189 111 235 1
34 194 78 234 1
7 193 48 232 1
34 166 76 196 1
68 162 107 195 1
98 154 139 191 1
127 161 165 194 1
149 152 196 194 1
181 159 216 193 1
203 156 244 192 1
232 154 277 190 1
266 155 311 188 1
367 134 419 157 1
358 120 416 139 1
1034 3 1066 33 1
973 5 1006 33 1
947 8 977 34 1
924 53 955 86 1
896 53 923 88 1
869 57 892 89 1
837 57 866 85 1
838 85 869 121 1
742 83 770 123 1
710 84 740 121 1
651 84 677 123 1
624 94 648 131 1
561 89 594 127 1
532 92 556 125 1
498 96 530 131 1
460 92 491 128 1
428 94 458 127 1
400 96 427 122 1
372 91 400 124 1
344 90 379 126 1
314 90 349 127 1
287 93 318 131 1
255 95 290 132 1
230 92 260 131 1
200 94 239 133 1
154 101 198 137 1
118 104 161 141 1
98 103 132 136 1
0 128 26 154 1
0 115 35 138 1
0 105 45 127 1
13 93 62 114 1
30 81 78 99 1
40 67 93 85 1
56 59 96 74 1
66 47 110 65 1
77 37 119 55 1
85 29 129 45 1
96 18 138 37 1
109 9 150 25 1
115 0 162 19 1
165 32 199 59 1
119 80 152 102 1
141 80 179 102 1
167 77 202 103 1
188 76 231 104 1
216 74 259 102 1
249 72 280 97 1
277 75 307 97 1
305 64 338 94 1
329 69 357 94 1
357 68 391 94 1
384 70 419 93 1
412 67 444 94 1
441 66 476 92 1
469 69 505 92 1
512 65 543 97 1
539 69 571 97 1
571 64 600 96 1
599 62 630 98 1
629 62 656 96 1
662 57 688 94 1
690 58 716 92 1
716 59 743 86 1
743 57 773 89 1
773 57 801 91 1
806 58 830 91 1
186 30 221 55 1
215 25 246 57 1
242 30 271 56 1
264 25 292 57 1
290 23 320 54 1
310 23 346 53 1
337 20 368 52 1
359 15 392 52 1
386 15 418 53 1
409 18 442 53 1
434 18 469 51 1
461 20 492 52 1
490 17 521 48 1
528 17 557 47 1
557 20 583 47 1
583 17 613 45 1
610 17 639 42 1
639 10 665 41 1
663 11 695 41 1
698 12 723 39 1
721 11 750 42 1
747 12 777 40 1
777 8 805 36 1
805 4 832 37 1
834 5 859 38 1
862 7 889 38 1
893 1 918 34 1
919 0 946 35 1
183 12 213 30 1
212 9 235 29 1
232 9 263 29 1
255 7 286 33 1
279 6 308 28 1
302 5 331 28 1
326 3 356 23 1
354 1 378 23 1
377 0 405 18 1
403 1 429 19 1
429 1 451 16 1
448 2 475 17 1
472 0 502 20 1
500 0 527 19 1
542 0 565 17 1
564 0 591 18 1
595 0 618 20 1
675 654 716 718 1
1085 0 1116 33 1
4 638 66 715 1
