1174 654 1267 719 1
1122 547 1220 599 1
1106 506 1202 550 1
1244 411 1279 483 1
1197 309 1250 363 1
1176 266 1224 307 1
1070 309 1117 365 1
1024 308 1070 359 1
1045 418 1097 490 1
1099 424 1153 496 1
950 421 1002 486 1
969 494 1028 568 1
907 486 958 561 1
940 636 992 719 1
875 660 925 719 1
673 653 716 719 1
617 657 667 719 1
481 655 541 719 1
289 643 348 714 1
243 625 300 705 1
176 642 241 705 1
120 629 185 704 1
43 484 113 557 1
7 478 66 557 1
305 485 364 561 1
359 490 409 552 1
634 490 676 563 1
767 415 803 478 1
719 415 756 478 1
678 420 714 485 1
540 421 587 481 1
496 420 539 482 1
456 409 496 472 1
411 416 451 475 1
361 414 409 473 1
300 412 347 476 1
259 413 310 474 1
218 410 267 473 1
136 412 182 473 1
94 415 148 469 1
55 405 114 473 1
19 413 71 468 1
0 410 31 465 1
0 266 50 316 1
61 307 112 358 1
96 265 136 309 1
62 264 102 307 1
195 267 240 311 1
232 264 274 312 1
242 303 284 359 1
336 263 381 314 1
374 262 420 313 1
413 302 453 357 1
451 304 489 355 1
532 307 566 355 1
566 300 605 362 1
471 260 506 310 1
506 269 541 310 1
541 264 577 309 1
577 262 616 303 1
688 302 723 357 1
727 299 762 357 1
690 261 723 306 1
740 262 767 304 1
773 263 808 304 1
777 307 808 359 1
814 303 847 357 1
891 299 927 357 1
932 299 973 360 1
966 261 1007 308 1
977 308 1020 356 1
773 176 806 225 1
844 181 879 228 1
882 175 913 222 1
957 177 991 221 1
989 176 1029 222 1
980 139 1011 176 1
943 143 979 177 1
876 145 911 179 1
839 138 874 180 1
600 189 639 228 1
580 148 609 191 1
543 154 573 192 1
513 154 544 189 1
465 182 502 229 1
419 185 453 227 1
428 156 466 190 1
397 150 435 192 1
333 147 374 194 1
303 154 341 190 1
284 188 324 231 1
222 185 260 230 1
215 152 259 188 1
187 156 220 190 1
150 161 192 192 1
158 186 206 230 1
95 190 137 230 1
67 188 107 232 1
481 119 538 152 1
965 78 1001 117 1
962 51 992 81 1
1031 2 1063 30 1
976 0 1004 34 1
946 4 979 35 1
889 2 918 37 1
863 3 891 41 1
806 4 832 40 1
778 3 808 39 1
749 0 779 39 1
723 1 749 38 1
696 4 727 41 1
669 8 696 39 1
595 0 621 27 1
571 0 592 18 1
560 15 587 48 1
444 18 472 49 1
928 51 958 84 1
904 80 935 116 1
747 53 772 91 1
718 56 741 94 1
687 85 712 123 1
658 57 684 91 1
654 86 683 122 1
620 91 646 128 1
605 61 632 95 1
571 67 600 90 1
565 89 592 126 1
543 63 575 97 1
514 67 546 100 1
439 68 474 95 1
430 89 465 127 1
398 91 430 125 1
364 68 391 95 1
348 92 379 128 1
307 70 339 103 1
253 68 292 96 1
261 97 297 128 1
233 91 268 129 1
182 98 223 131 1
175 73 213 103 1
147 66 186 105 1
100 99 144 135 1
164 28 202 60 1
185 11 220 32 1
195 32 223 55 1
218 29 250 54 1
238 1 265 30 1
261 5 286 28 1
269 22 295 52 1
316 23 343 53 1
341 22 368 47 1
365 20 392 50 1
381 1 410 20 1
413 17 444 47 1
429 0 452 16 1
0 131 23 155 1
0 113 42 138 1
0 102 53 124 1
17 89 65 109 1
40 68 86 91 1
77 34 126 58 1
96 15 144 36 1
108 8 155 24 1
118 0 169 16 1
