518 496 573 569 1
635 489 675 574 1
687 497 728 570 1
740 492 780 566 1
909 494 954 556 1
1036 499 1090 575 1
1105 507 1200 550 1
1132 553 1221 588 1
1148 592 1246 628 1
550 655 586 711 1
299 650 346 708 1
254 633 295 701 1
352 499 406 567 1
295 496 352 578 1
190 494 252 574 1
146 489 200 563 1
92 495 152 566 1
41 492 104 568 1
2 492 52 560 1
4 408 69 477 1
50 410 105 480 1
94 419 144 478 1
168 420 215 482 1
210 420 260 480 1
249 421 304 482 1
298 416 346 486 1
360 420 407 484 1
408 419 454 479 1
449 422 495 481 1
494 413 541 487 1
543 422 584 493 1
581 415 622 485 1
630 423 669 489 1
674 421 712 490 1
719 422 755 487 1
772 424 806 491 1
819 423 856 493 1
867 427 902 494 1
915 419 951 491 1
966 425 1006 493 1
1012 430 1049 496 1
1058 421 1099 493 1
1112 431 1154 496 1
1208 313 1257 379 1
1187 263 1235 320 1
1167 221 1213 271 1
1072 303 1111 364 1
1025 314 1068 360 1
985 304 1026 365 1
932 305 977 362 1
843 362 915 411 1
852 303 890 366 1
891 261 926 320 1
968 262 1005 306 1
1009 261 1047 313 1
1053 255 1090 313 1
850 263 885 310 1
811 259 846 312 1
814 311 848 362 1
774 304 807 365 1
737 305 766 363 1
735 262 768 310 1
694 268 724 307 1
689 303 726 362 1
656 263 688 308 1
652 303 684 358 1
614 316 643 364 1
614 264 647 311 1
579 266 612 308 1
573 307 603 367 1
540 260 575 311 1
533 305 566 363 1
507 266 539 308 1
488 308 530 363 1
447 307 492 371 1
408 305 453 369 1
351 306 396 365 1
336 269 378 309 1
298 269 342 312 1
309 309 350 364 1
272 310 318 366 1
236 309 282 362 1
196 308 248 367 1
160 311 205 368 1
125 311 174 367 1
88 309 137 364 1
25 309 71 364 1
2 308 40 366 1
259 260 310 309 1
232 272 272 308 1
187 267 239 310 1
121 272 169 312 1
86 270 134 314 1
53 272 99 313 1
26 272 68 311 1
3 273 32 310 1
1030 180 1065 225 1
960 179 988 227 1
916 180 950 224 1
884 178 910 228 1
846 177 874 227 1
811 180 840 226 1
774 177 804 226 1
739 177 766 226 1
706 178 732 226 1
669 183 698 230 1
602 189 634 232 1
571 185 599 230 1
497 182 535 233 1
509 150 542 190 1
477 154 512 194 1
426 156 463 191 1
410 188 448 233 1
609 150 639 191 1
642 150 671 194 1
675 150 704 191 1
741 146 768 182 1
775 147 803 179 1
812 146 843 182 1
846 146 880 181 1
881 146 910 184 1
908 138 945 182 1
951 143 982 185 1
987 143 1020 187 1
1021 148 1055 185 1
373 187 415 235 1
390 157 423 187 1
345 190 379 234 1
316 194 348 233 1
278 189 314 232 1
241 190 284 235 1
154 187 194 232 1
124 193 158 235 1
89 193 125 236 1
63 194 97 236 1
26 198 72 238 1
325 153 366 188 1
296 154 333 190 1
234 156 276 192 1
205 158 247 193 1
175 158 216 189 1
150 159 179 192 1
111 160 158 194 1
83 164 124 196 1
58 166 99 198 1
26 168 71 200 1
1004 80 1034 115 1
998 48 1023 84 1
960 49 992 89 1
931 54 958 85 1
933 80 966 120 1
904 74 933 118 1
902 50 930 75 1
871 53 898 92 1
838 54 865 82 1
842 85 869 117 1
809 49 836 83 1
809 81 838 120 1
778 45 805 85 1
776 85 803 123 1
749 87 773 124 1
718 82 741 121 1
688 51 713 89 1
686 86 710 124 1
652 61 684 96 1
616 87 650 124 1
628 65 653 92 1
601 66 627 92 1
593 90 619 129 1
563 94 589 130 1
571 62 595 92 1
539 67 567 95 1
530 91 561 128 1
507 67 540 92 1
501 91 529 132 1
529 91 529 91 1
455 90 487 130 1
439 70 472 97 1
427 93 454 130 1
416 72 437 95 1
393 94 426 133 1
386 65 415 98 1
368 89 397 134 1
332 95 369 132 1
355 70 384 99 1
326 71 355 103 1
303 69 331 97 1
281 94 317 132 1
227 97 264 131 1
246 76 278 101 1
222 77 249 98 1
192 75 224 97 1
166 76 193 103 1
137 78 175 103 1
113 77 146 105 1
90 100 125 137 1
113 102 153 138 1
148 98 179 137 1
170 94 202 135 1
194 97 231 134 1
3 117 35 137 1
1 101 45 125 1
13 89 61 111 1
18 76 67 100 1
38 65 81 86 1
47 53 94 73 1
73 36 115 56 1
86 25 124 44 1
97 11 133 33 1
108 2 142 21 1
163 28 193 60 1
188 30 216 56 1
180 11 213 33 1
213 24 241 57 1
236 24 267 53 1
260 18 288 53 1
284 17 314 53 1
307 23 338 52 1
334 23 367 50 1
384 18 413 53 1
412 18 436 47 1
438 16 463 49 1
467 23 489 50 1
488 18 517 50 1
535 17 557 49 1
559 14 588 46 1
645 8 666 42 1
669 8 690 43 1
694 7 719 37 1
720 7 747 43 1
752 4 775 39 1
780 4 803 40 1
807 2 831 38 1
865 3 886 36 1
894 5 918 33 1
921 5 947 36 1
948 1 972 36 1
977 1 1006 38 1
1006 3 1032 32 1
1040 0 1063 34 1
1065 1 1094 31 1
254 6 276 24 1
278 5 306 24 1
331 1 350 22 1
353 0 383 20 1
380 1 410 23 1
427 2 456 19 1
540 1 567 17 1
565 1 591 18 1
596 3 621 25 1
1244 415 1279 481 1
1176 647 1262 716 1
878 670 923 719 1
667 663 722 719 1
1097 0 1126 24 1
804 656 857 719 1
