278 185 324 230 1
310 185 355 233 1
345 185 388 233 1
375 184 421 232 1
409 187 452 232 1
461 184 503 230 1
500 186 535 229 1
534 186 567 232 1
565 184 599 230 1
598 186 634 230 1
632 187 664 226 1
665 186 699 227 1
702 184 734 222 1
735 182 772 225 1
775 182 807 225 1
807 183 842 222 1
844 183 879 222 1
880 182 915 219 1
917 182 956 222 1
956 177 992 222 1
987 180 1027 219 1
1022 175 1068 220 1
226 267 280 310 1
259 265 312 310 1
295 266 344 312 1
335 268 386 310 1
377 268 424 312 1
426 269 471 310 1
458 267 503 311 1
503 264 546 306 1
537 266 580 307 1
573 263 618 308 1
614 263 655 307 1
648 264 688 307 1
689 260 727 309 1
728 264 766 307 1
763 260 807 306 1
809 254 848 306 1
849 257 889 310 1
885 254 931 307 1
928 257 969 307 1
966 255 1014 309 1
1011 256 1054 307 1
1051 258 1098 306 1
202 304 249 361 1
234 305 291 363 1
272 301 323 361 1
307 308 359 365 1
349 306 396 364 1
410 307 449 368 1
443 306 497 366 1
481 309 529 365 1
523 304 571 364 1
565 310 604 364 1
606 310 648 364 1
643 312 685 363 1
690 310 724 361 1
725 311 766 362 1
767 310 804 362 1
808 308 848 360 1
851 311 891 362 1
888 311 934 359 1
934 309 976 362 1
972 307 1022 360 1
1017 311 1062 360 1
1059 304 1113 358 1
127 413 185 473 1
165 417 223 473 1
211 417 268 474 1
254 416 307 472 1
295 421 349 475 1
362 420 412 471 1
405 416 457 472 1
446 416 508 477 1
492 418 545 475 1
535 420 588 478 1
580 419 626 477 1
625 418 672 481 1
669 419 717 475 1
718 417 764 479 1
763 417 809 476 1
811 421 858 480 1
856 422 909 482 1
903 421 957 480 1
952 418 1004 482 1
997 419 1054 485 1
1045 417 1098 481 1
1089 416 1151 479 1
141 501 211 563 1
624 507 683 570 1
548 647 594 717 1
867 661 919 719 1
1168 648 1264 717 1
1132 597 1234 643 1
1117 552 1224 597 1
1105 506 1195 551 1
1229 404 1279 471 1
1211 357 1263 409 1
1121 360 1202 409 1
1178 279 1233 330 1
1159 228 1201 270 1
1136 186 1179 230 1
738 490 784 564 1
911 487 959 560 1
215 381 292 415 1
95 412 152 470 1
56 406 114 474 1
17 404 72 473 1
0 413 33 465 1
168 308 214 358 1
199 271 240 309 1
163 265 204 307 1
126 264 175 310 1
94 272 137 309 1
60 266 102 309 1
30 261 73 310 1
0 272 41 313 1
132 307 182 361 1
97 305 146 360 1
65 304 114 362 1
28 306 83 359 1
0 305 47 356 1
244 189 285 234 1
219 184 259 229 1
186 191 229 230 1
152 188 201 235 1
122 188 164 234 1
96 188 135 233 1
67 191 110 234 1
34 193 80 237 1
5 194 47 234 1
1017 143 1052 177 1
980 136 1015 181 1
945 141 976 176 1
875 150 905 183 1
842 146 873 181 1
810 146 837 184 1
777 150 806 178 1
740 141 771 186 1
705 139 737 182 1
676 144 701 184 1
645 140 674 186 1
610 149 639 188 1
576 149 609 187 1
544 153 574 188 1
509 152 546 186 1
479 150 511 190 1
433 151 467 189 1
400 153 435 188 1
367 150 407 188 1
330 155 369 187 1
301 157 336 184 1
267 155 307 190 1
238 161 278 190 1
210 154 250 193 1
180 155 220 188 1
150 160 188 192 1
120 160 162 192 1
87 159 133 193 1
64 159 104 190 1
33 161 74 194 1
998 81 1031 119 1
962 77 994 114 1
992 54 1023 82 1
958 52 987 75 1
924 48 954 83 1
932 83 961 115 1
898 54 925 83 1
903 83 931 118 1
868 53 893 86 1
869 86 901 114 1
836 54 864 85 1
841 86 870 120 1
808 58 836 85 1
808 89 837 119 1
777 55 801 84 1
776 86 805 121 1
746 52 772 90 1
745 86 773 124 1
718 62 743 87 1
714 87 743 121 1
689 61 713 91 1
686 89 711 121 1
660 58 685 94 1
653 90 684 121 1
630 61 657 91 1
623 86 652 123 1
598 67 629 94 1
594 88 623 122 1
572 64 600 89 1
565 87 598 128 1
544 66 571 96 1
533 91 567 128 1
512 66 541 97 1
501 94 532 130 1
472 69 502 97 1
461 91 492 131 1
444 67 473 97 1
426 94 460 128 1
418 65 449 96 1
400 87 431 129 1
388 67 417 99 1
370 96 403 131 1
358 70 390 98 1
331 71 365 95 1
305 70 338 99 1
285 92 321 131 1
258 96 294 130 1
227 100 263 130 1
203 97 239 130 1
170 99 212 135 1
154 98 188 132 1
127 100 163 136 1
100 102 134 137 1
282 74 309 98 1
254 70 284 101 1
228 68 261 100 1
197 74 232 102 1
167 78 203 102 1
147 80 179 101 1
121 80 153 102 1
1062 2 1092 29 1
1034 3 1065 30 1
1007 0 1035 34 1
980 0 1005 32 1
948 0 975 36 1
919 0 942 37 1
890 0 913 36 1
862 0 888 37 1
833 4 857 35 1
806 6 830 39 1
782 5 804 39 1
752 8 779 41 1
726 10 749 39 1
696 9 720 42 1
669 9 694 43 1
644 11 667 41 1
618 19 643 43 1
590 15 615 46 1
564 19 589 47 1
535 19 564 48 1
492 20 522 48 1
467 18 495 49 1
443 17 475 46 1
421 22 449 47 1
391 20 420 50 1
364 17 394 51 1
340 17 370 52 1
318 23 344 52 1
294 24 319 50 1
269 26 294 54 1
241 25 272 56 1
214 27 249 58 1
192 29 223 57 1
168 30 201 60 1
183 12 215 31 1
212 9 242 32 1
235 8 262 30 1
255 9 285 26 1
280 3 309 27 1
304 3 334 25 1
328 5 355 25 1
354 5 379 25 1
379 3 406 20 1
403 2 425 20 1
430 1 455 20 1
450 1 471 20 1
474 0 502 20 1
505 0 530 25 1
0 116 33 140 1
6 104 51 126 1
19 90 63 108 1
34 79 75 97 1
49 69 87 85 1
58 59 101 76 1
71 49 110 63 1
79 37 117 51 1
93 27 129 45 1
101 18 140 33 1
111 6 149 25 1
540 1 565 24 1
571 0 591 20 1
595 0 618 18 1
621 0 645 21 1
