375 184 421 232 1
534 186 567 232 1
598 186 634 230 1
702 184 734 222 1
807 183 842 222 1
844 183 879 222 1
987 180 1027 219 1
426 269 471 310 1
503 264 546 306 1
849 257 889 310 1
885 254 931 307 1
928 257 969 307 1
966 255 1014 309 1
234 305 291 363 1
410 307 449 368 1
565 310 604 364 1
643 312 685 363 1
690 310 724 361 1
767 310 804 362 1
808 308 848 360 1
934 309 976 362 1
1017 311 1062 360 1
1059 304 1113 358 1
127 413 185 473 1
165 417 223 473 1
211 417 268 474 1
254 416 307 472 1
295 421 349 475 1
362 420 412 471 1
405 416 457 472 1
446 416 508 477 1
535 420 588 478 1
580 419 626 477 1
625 418 672 481 1
669 419 717 475 1
903 421 957 480 1
952 418 1004 482 1
1089 416 1151 479 1
42 501 110 555 1
141 501 211 563 1
188 500 264 564 1
246 497 315 564 1
295 499 363 562 1
518 504 581 563 1
624 507 683 570 1
364 645 428 719 1
487 651 539 719 1
672 651 719 719 1
244 624 310 706 1
181 644 231 707 1
114 633 175 706 1
1108 511 1203 542 1
1117 547 1211 591 1
1231 390 1279 460 1
1177 264 1227 320 1
902 487 951 561 1
5 489 63 558 1
17 415 72 471 1
169 305 217 360 1
153 190 198 231 1
119 163 163 195 1
62 159 109 197 1
34 163 73 199 1
51 65 99 93 1
54 56 84 68 1
78 31 122 56 1
143 102 185 135 1
140 81 182 109 1
117 80 153 110 1
197 77 233 105 1
235 27 270 56 1
287 28 321 54 1
337 21 369 52 1
328 68 363 101 1
256 95 295 128 1
411 71 444 100 1
540 0 567 23 1
560 15 586 50 1
591 13 618 45 1
537 64 569 99 1
594 65 627 95 1
711 82 737 121 1
745 85 771 118 1
808 78 835 119 1
857 7 907 32 1
872 75 902 118 1
897 48 922 85 1
932 76 965 117 1
912 9 939 37 1
946 7 974 35 1
975 4 1002 34 1
1006 6 1031 31 1
1033 3 1062 29 1
911 145 942 185 1
949 145 978 183 1
982 142 1011 183 1
1018 144 1052 184 1
