345 185 388 233 1
409 187 452 232 1
461 184 503 230 1
534 186 567 232 1
598 186 634 230 1
632 187 664 226 1
665 186 699 227 1
702 184 734 222 1
775 182 807 225 1
844 183 879 222 1
917 182 956 222 1
956 177 992 222 1
987 180 1027 219 1
1022 175 1068 220 1
259 265 312 310 1
295 266 344 312 1
335 268 386 310 1
377 268 424 312 1
426 269 471 310 1
458 267 503 311 1
503 264 546 306 1
537 266 580 307 1
573 263 618 308 1
614 263 655 307 1
648 264 688 307 1
689 260 727 309 1
928 257 969 307 1
966 255 1014 309 1
1011 256 1054 307 1
1051 258 1098 306 1
234 305 291 363 1
272 301 323 361 1
307 308 359 365 1
349 306 396 364 1
410 307 449 368 1
481 309 529 365 1
565 310 604 364 1
606 310 648 364 1
643 312 685 363 1
690 310 724 361 1
725 311 766 362 1
767 310 804 362 1
808 308 848 360 1
851 311 891 362 1
888 311 934 359 1
934 309 976 362 1
972 307 1022 360 1
1017 311 1062 360 1
1059 304 1113 358 1
127 413 185 473 1
165 417 223 473 1
295 421 349 475 1
405 416 457 472 1
446 416 508 477 1
492 418 545 475 1
535 420 588 478 1
580 419 626 477 1
625 418 672 481 1
669 419 717 475 1
718 417 764 479 1
763 417 809 476 1
811 421 858 480 1
856 422 909 482 1
903 421 957 480 1
952 418 1004 482 1
997 419 1054 485 1
1089 416 1151 479 1
87 500 158 561 1
141 501 211 563 1
295 499 363 562 1
351 501 418 558 1
576 505 629 567 1
624 507 683 570 1
549 648 593 719 1
285 644 348 718 1
118 634 178 710 1
618 655 664 718 1
675 654 720 719 1
742 649 784 719 1
798 643 839 717 1
870 659 915 718 1
934 645 985 718 1
1170 652 1259 719 1
1119 547 1215 592 1
1100 501 1203 543 1
1189 300 1236 354 1
1034 494 1089 570 1
968 495 1023 566 1
910 486 957 561 1
739 486 780 565 1
3 482 69 558 1
64 404 120 472 1
17 413 71 466 1
0 415 35 468 1
0 368 57 408 1
830 362 908 399 1
196 264 242 309 1
159 264 206 309 1
167 308 216 362 1
136 305 179 356 1
64 308 120 359 1
25 302 78 357 1
0 302 41 359 1
98 264 139 309 1
62 269 108 308 1
25 269 76 306 1
0 264 42 310 1
250 188 285 227 1
219 188 260 227 1
188 189 232 228 1
160 196 197 228 1
129 190 165 232 1
96 192 138 229 1
35 191 81 232 1
1 196 47 234 1
36 166 74 199 1
66 163 108 194 1
127 162 163 191 1
269 155 305 189 1
306 158 337 196 1
423 152 464 189 1
472 154 512 190 1
605 150 639 188 1
776 81 805 120 1
936 79 963 118 1
923 50 953 82 1
1002 73 1029 119 1
919 4 942 30 1
752 10 776 38 1
658 85 685 122 1
627 64 657 99 1
592 87 619 123 1
499 90 533 130 1
518 67 543 93 1
473 70 499 101 1
414 66 446 101 1
359 72 390 98 1
339 96 377 127 1
272 75 309 103 1
222 74 258 98 1
230 93 264 129 1
201 96 240 133 1
173 99 210 134 1
175 75 208 103 1
148 80 181 103 1
120 82 151 103 1
149 103 184 134 1
125 104 158 132 1
98 102 135 136 1
0 112 38 137 1
74 73 116 107 1
24 80 72 99 1
43 68 83 85 1
52 54 94 73 1
69 45 110 63 1
107 8 150 26 1
118 0 161 14 1
166 32 199 61 1
192 30 222 57 1
217 27 245 53 1
237 31 267 53 1
256 25 291 59 1
287 24 315 56 1
311 21 341 51 1
335 22 365 55 1
362 22 391 53 1
391 19 417 54 1
441 21 468 52 1
495 20 523 54 1
530 17 555 50 1
558 15 586 46 1
587 14 612 47 1
187 13 212 30 1
211 8 243 31 1
236 8 260 30 1
258 9 285 31 1
279 0 307 28 1
307 6 331 25 1
332 1 358 22 1
357 1 381 20 1
379 2 405 22 1
404 2 429 24 1
426 2 453 26 1
450 0 480 25 1
503 0 529 24 1
0 128 25 153 1
540 0 564 19 1
565 0 590 19 1
594 0 613 16 1
620 0 643 23 1
645 0 671 22 1
693 0 720 22 1
727 0 749 17 1
