489 412 538 481 1
768 298 809 360 1
893 318 940 382 1
940 143 982 186 1
914 6 944 32 1
638 1 664 46 1
612 15 637 44 1
530 18 560 47 1
514 57 543 98 1
498 0 526 26 1
440 22 471 49 1
350 0 379 26 1
234 28 267 52 1
255 5 289 29 1
297 73 333 101 1
269 299 322 359 1
276 192 317 230 1
114 162 163 198 1
52 197 104 236 1
1 191 49 236 1
47 267 99 315 1
122 305 178 361 1
93 104 130 134 1
116 80 151 105 1
142 80 178 110 1
160 34 201 58 1
179 10 215 35 1
101 5 145 27 1
72 35 117 56 1
34 67 86 89 1
409 304 456 365 1
