2 491 63 563 1
145 416 189 476 1
215 417 266 479 1
292 419 350 480 1
363 418 415 482 1
446 415 491 482 1
547 418 585 483 1
672 420 709 481 1
421 648 472 710 1
727 422 765 481 1
771 412 811 483 1
958 422 1010 491 1
1044 421 1102 493 1
1226 354 1276 429 1
1179 268 1226 321 1
1014 263 1054 317 1
1068 315 1113 364 1
930 306 973 361 1
851 263 885 308 1
855 304 893 362 1
687 309 725 358 1
527 311 570 354 1
491 308 529 362 1
448 308 492 364 1
423 262 469 317 1
544 264 579 310 1
57 407 119 475 1
12 416 66 470 1
0 415 27 465 1
1 307 34 356 1
26 314 74 360 1
58 312 106 357 1
94 311 140 357 1
131 312 176 355 1
158 316 209 367 1
195 271 233 311 1
264 267 303 316 1
300 263 342 314 1
273 310 318 360 1
350 312 395 357 1
377 271 419 314 1
56 270 108 314 1
27 270 68 309 1
462 186 502 227 1
777 144 804 188 1
909 138 945 186 1
994 176 1033 226 1
707 180 736 224 1
708 146 738 187 1
670 145 705 191 1
607 150 637 190 1
537 150 576 194 1
476 152 506 188 1
422 154 463 191 1
355 155 393 192 1
324 156 361 194 1
301 153 337 190 1
262 152 304 195 1
237 157 272 196 1
210 152 246 188 1
155 156 193 194 1
180 190 227 230 1
127 194 169 233 1
92 199 135 233 1
5 191 47 236 1
116 94 160 137 1
0 111 32 136 1
48 55 93 75 1
70 46 105 65 1
81 31 122 54 1
103 6 148 27 1
184 10 211 37 1
206 6 240 34 1
214 24 243 57 1
214 54 266 74 1
192 75 227 107 1
226 99 258 129 1
256 96 285 125 1
284 93 315 132 1
315 97 343 126 1
343 89 374 124 1
372 94 402 121 1
409 70 441 101 1
438 63 470 102 1
465 65 501 103 1
453 99 489 131 1
510 65 546 100 1
557 89 588 129 1
626 64 654 99 1
683 89 712 128 1
716 80 743 121 1
749 81 773 120 1
775 59 802 89 1
803 59 832 94 1
838 50 865 91 1
901 50 931 89 1
936 82 963 115 1
963 48 991 83 1
991 47 1025 84 1
949 3 973 36 1
976 1 1007 32 1
836 7 860 38 1
804 2 831 32 1
753 5 778 39 1
642 12 668 43 1
612 11 638 44 1
498 20 521 48 1
469 16 496 45 1
387 22 416 51 1
286 22 316 54 1
256 2 277 30 1
281 1 305 28 1
303 0 303 0 1
303 0 331 29 1
352 1 380 28 1
398 1 423 23 1
425 1 450 26 1
117 0 159 11 1
10 16 46 43 1
476 0 502 20 1
501 0 530 19 1
541 0 569 19 1
588 0 611 21 1
616 0 637 15 1
647 0 672 14 1
696 0 722 16 1
777 0 804 15 1
687 59 715 91 1
718 61 748 85 1
1122 140 1168 196 1
