278 185 324 230 1
310 185 355 233 1
345 185 388 233 1
375 184 421 232 1
409 187 452 232 1
461 184 503 230 1
500 186 535 229 1
534 186 567 232 1
565 184 599 230 1
598 186 634 230 1
632 187 664 226 1
665 186 699 227 1
702 184 734 222 1
735 182 772 225 1
775 182 807 225 1
807 183 842 222 1
844 183 879 222 1
880 182 915 219 1
917 182 956 222 1
956 177 992 222 1
987 180 1027 219 1
1022 175 1068 220 1
226 267 280 310 1
259 265 312 310 1
295 266 344 312 1
335 268 386 310 1
377 268 424 312 1
426 269 471 310 1
458 267 503 311 1
503 264 546 306 1
537 266 580 307 1
573 263 618 308 1
614 263 655 307 1
648 264 688 307 1
689 260 727 309 1
728 264 766 307 1
763 260 807 306 1
809 254 848 306 1
849 257 889 310 1
885 254 931 307 1
928 257 969 307 1
966 255 1014 309 1
1011 256 1054 307 1
1051 258 1098 306 1
202 304 249 361 1
234 305 291 363 1
272 301 323 361 1
307 308 359 365 1
349 306 396 364 1
410 307 449 368 1
443 306 497 366 1
481 309 529 365 1
523 304 571 364 1
565 310 604 364 1
606 310 648 364 1
643 312 685 363 1
690 310 724 361 1
725 311 766 362 1
767 310 804 362 1
808 308 848 360 1
851 311 891 362 1
888 311 934 359 1
934 309 976 362 1
972 307 1022 360 1
1017 311 1062 360 1
1059 304 1113 358 1
127 413 185 473 1
165 417 223 473 1
211 417 268 474 1
254 416 307 472 1
295 421 349 475 1
362 420 412 471 1
405 416 457 472 1
446 416 508 477 1
492 418 545 475 1
535 420 588 478 1
580 419 626 477 1
625 418 672 481 1
669 419 717 475 1
718 417 764 479 1
763 417 809 476 1
811 421 858 480 1
856 422 909 482 1
903 421 957 480 1
952 418 1004 482 1
997 419 1054 485 1
1045 417 1098 481 1
1089 416 1151 479 1
141 501 211 563 1
295 499 363 562 1
624 507 683 570 1
297 641 349 713 1
552 636 602 711 1
903 489 948 561 1
739 492 783 558 1
1091 499 1196 551 1
1120 556 1222 596 1
1188 308 1245 364 1
1174 256 1223 313 1
188 267 232 315 1
175 316 209 354 1
127 313 171 361 1
164 268 196 309 1
128 269 165 311 1
93 268 135 305 1
94 311 139 356 1
61 305 108 359 1
28 310 73 357 1
2 309 31 355 1
28 270 69 311 1
56 270 105 314 1
3 270 36 309 1
1021 143 1056 181 1
947 147 982 182 1
908 145 939 180 1
846 139 873 185 1
806 146 841 184 1
776 148 804 182 1
740 143 770 184 1
708 143 740 187 1
672 142 702 189 1
639 147 669 185 1
605 144 634 186 1
575 144 604 189 1
542 151 572 189 1
513 151 542 185 1
482 148 508 188 1
429 157 429 157 1
429 157 429 157 1
429 157 466 188 1
401 154 428 187 1
361 151 398 184 1
398 151 398 151 1
327 155 362 190 1
362 155 362 155 1
305 152 335 187 1
273 154 304 186 1
304 154 304 154 1
237 154 276 194 1
252 188 285 231 1
218 188 260 231 1
192 187 228 230 1
159 186 199 230 1
124 192 166 231 1
166 192 166 192 1
103 193 138 235 1
64 191 109 232 1
109 191 109 191 1
29 192 74 236 1
74 192 74 192 1
5 195 41 233 1
33 158 75 198 1
75 158 75 158 1
59 162 98 194 1
98 162 98 162 1
90 158 132 193 1
125 163 156 198 1
155 160 186 189 1
186 160 186 160 1
184 162 210 188 1
208 158 249 186 1
94 416 144 470 1
51 411 103 476 1
7 416 62 475 1
1004 80 1031 117 1
992 46 1022 89 1
965 49 987 84 1
935 80 968 118 1
929 49 958 88 1
899 54 928 83 1
903 80 929 118 1
871 77 898 118 1
867 54 893 86 1
838 82 865 120 1
836 55 860 85 1
805 59 832 88 1
807 86 832 117 1
779 85 804 120 1
777 60 803 88 1
745 61 774 87 1
745 86 772 118 1
712 88 739 125 1
722 89 722 89 1
722 58 743 89 1
682 93 712 123 1
690 63 715 91 1
662 61 687 95 1
654 92 682 120 1
619 86 651 123 1
633 63 656 88 1
593 86 624 124 1
599 66 623 93 1
575 63 601 91 1
541 63 572 94 1
531 93 561 127 1
564 92 591 121 1
492 92 529 130 1
515 67 545 94 1
468 67 501 90 1
453 87 488 128 1
427 93 458 126 1
446 68 470 93 1
413 71 444 97 1
396 128 396 128 1
396 95 428 128 1
382 67 417 96 1
368 92 398 131 1
334 94 372 129 1
358 72 386 98 1
333 69 362 95 1
309 92 344 130 1
281 93 316 129 1
258 95 288 128 1
298 75 336 97 1
279 73 306 100 1
248 74 282 101 1
221 77 256 101 1
204 73 231 103 1
175 76 203 102 1
147 81 179 101 1
125 77 156 103 1
94 99 132 134 1
126 103 155 134 1
146 100 179 132 1
175 100 212 129 1
204 96 234 129 1
231 101 259 129 1
168 28 196 63 1
190 29 219 60 1
209 24 242 56 1
240 23 267 56 1
264 25 290 53 1
288 21 317 55 1
311 22 343 53 1
340 21 367 52 1
366 24 390 49 1
387 22 412 49 1
410 16 440 53 1
437 17 468 49 1
469 19 495 46 1
487 20 519 52 1
527 19 556 53 1
560 14 584 42 1
589 14 613 49 1
608 13 640 47 1
641 11 664 46 1
672 14 697 37 1
699 7 720 38 1
722 7 746 40 1
748 8 777 34 1
778 4 801 34 1
803 7 831 37 1
833 5 859 36 1
860 7 889 30 1
892 5 916 35 1
918 2 947 34 1
949 3 978 36 1
978 3 1003 32 1
1003 3 1033 31 1
1036 4 1065 33 1
1065 1 1091 31 1
1 117 39 137 1
4 103 51 121 1
17 89 61 109 1
30 79 72 97 1
39 69 86 86 1
56 57 94 75 1
69 47 105 64 1
77 35 112 55 1
83 24 126 45 1
101 16 139 35 1
110 7 146 24 1
182 11 213 32 1
209 10 233 29 1
229 9 258 24 1
254 5 285 23 1
285 5 307 24 1
306 6 331 24 1
328 0 354 22 1
355 0 376 22 1
374 0 400 22 1
399 0 426 21 1
429 0 451 17 1
452 0 478 16 1
477 0 501 19 1
502 0 526 21 1
543 0 568 21 1
569 0 592 14 1
595 0 617 14 1
622 0 641 13 1
646 0 671 11 1
672 0 696 13 1
1091 0 1122 23 1
123 0 158 15 1
0 32 29 57 1
0 15 23 38 1
1184 664 1266 719 1
1148 599 1233 647 1
