310 185 355 233 1
375 184 421 232 1
409 187 452 232 1
500 186 535 229 1
702 184 734 222 1
735 182 772 225 1
775 182 807 225 1
807 183 842 222 1
880 182 915 219 1
956 177 992 222 1
987 180 1027 219 1
1022 175 1068 220 1
295 266 344 312 1
573 263 618 308 1
689 260 727 309 1
809 254 848 306 1
849 257 889 310 1
1011 256 1054 307 1
202 304 249 361 1
234 305 291 363 1
349 306 396 364 1
443 306 497 366 1
481 309 529 365 1
565 310 604 364 1
606 310 648 364 1
643 312 685 363 1
690 310 724 361 1
725 311 766 362 1
767 310 804 362 1
808 308 848 360 1
851 311 891 362 1
888 311 934 359 1
934 309 976 362 1
972 307 1022 360 1
165 417 223 473 1
211 417 268 474 1
295 421 349 475 1
362 420 412 471 1
405 416 457 472 1
492 418 545 475 1
535 420 588 478 1
580 419 626 477 1
625 418 672 481 1
669 419 717 475 1
718 417 764 479 1
763 417 809 476 1
856 422 909 482 1
903 421 957 480 1
952 418 1004 482 1
997 419 1054 485 1
1045 417 1098 481 1
1089 416 1151 479 1
42 501 110 555 1
87 500 158 561 1
141 501 211 563 1
295 499 363 562 1
351 501 418 558 1
518 504 581 563 1
576 505 629 567 1
3 492 59 560 1
282 647 345 709 1
353 648 404 710 1
545 647 586 711 1
742 488 790 568 1
910 487 957 559 1
1036 496 1093 574 1
1108 511 1199 555 1
1158 207 1207 263 1
88 412 146 474 1
50 409 103 478 1
10 407 67 473 1
83 270 135 321 1
261 155 305 200 1
391 153 431 192 1
480 155 511 196 1
570 149 608 199 1
705 150 737 191 1
775 147 800 186 1
980 141 1017 183 1
1025 145 1053 180 1
868 86 901 119 1
806 87 835 123 1
744 80 771 121 1
682 86 713 124 1
654 84 681 122 1
618 88 649 127 1
690 60 714 90 1
925 48 957 88 1
989 51 1021 88 1
1001 4 1034 32 1
948 4 975 31 1
836 4 863 35 1
800 3 831 37 1
748 3 776 40 1
668 8 697 42 1
585 12 615 47 1
601 53 629 95 1
636 61 656 95 1
574 65 600 96 1
560 88 586 128 1
440 66 470 103 1
441 17 470 51 1
533 17 564 50 1
281 95 321 133 1
289 23 319 56 1
215 31 247 59 1
163 30 198 61 1
72 36 116 56 1
50 57 95 78 1
21 80 75 100 1
8 92 57 114 1
3 194 42 238 1
32 191 73 239 1
61 195 105 234 1
64 161 100 195 1
88 164 133 199 1
145 149 197 199 1
500 2 529 28 1
1188 303 1243 360 1
1186 679 1260 719 1
886 0 913 14 1
621 0 646 24 1
539 0 570 18 1
168 79 204 104 1
147 74 176 106 1
117 78 153 105 1
92 102 128 135 1
117 103 151 138 1
147 101 186 133 1
669 658 719 719 1
