296 486 369 570 1
358 492 405 558 1
571 489 623 567 1
629 490 670 562 1
736 488 782 566 1
910 487 952 567 1
966 490 1028 568 1
1034 492 1085 570 1
935 634 983 709 1
876 651 923 711 1
674 645 723 711 1
614 653 662 715 1
552 642 590 709 1
489 651 533 709 1
296 645 353 706 1
177 642 234 708 1
119 637 169 709 1
1 486 73 557 1
148 483 205 561 1
203 484 257 555 1
1101 422 1157 486 1
1103 509 1202 547 1
1125 549 1228 592 1
1134 594 1240 641 1
1174 640 1252 703 1
1052 414 1105 487 1
1001 411 1051 491 1
952 416 1003 488 1
904 421 954 488 1
866 416 902 486 1
813 417 858 487 1
768 410 811 486 1
718 415 760 480 1
679 420 714 480 1
634 412 666 480 1
585 417 627 482 1
537 418 580 481 1
494 420 539 480 1
451 413 498 484 1
405 422 453 483 1
362 419 410 476 1
302 418 353 479 1
257 418 305 479 1
211 418 266 477 1
173 414 221 478 1
131 419 182 479 1
95 414 150 474 1
58 411 111 476 1
18 415 72 472 1
2 410 33 471 1
1062 309 1113 368 1
1234 404 1277 469 1
1197 294 1244 358 1
1019 311 1065 356 1
976 303 1017 363 1
933 303 971 361 1
889 305 929 361 1
850 307 890 357 1
811 301 847 357 1
770 305 805 359 1
727 304 764 358 1
688 306 725 358 1
649 307 683 355 1
610 305 645 357 1
569 306 606 359 1
530 306 566 361 1
491 304 530 358 1
451 309 495 362 1
409 303 452 361 1
355 306 400 362 1
320 309 362 360 1
272 307 323 363 1
235 312 282 361 1
204 308 246 360 1
163 306 213 359 1
132 310 172 356 1
95 310 144 360 1
62 308 113 359 1
27 311 76 358 1
0 308 39 353 1
890 264 927 302 1
851 255 887 309 1
772 264 808 306 1
736 258 769 311 1
693 261 730 310 1
653 260 691 312 1
573 267 612 316 1
536 258 577 312 1
468 268 513 312 1
429 267 470 309 1
375 270 417 311 1
333 266 379 310 1
260 266 304 312 1
228 263 271 310 1
160 267 207 311 1
129 270 177 310 1
97 269 139 309 1
61 270 111 307 1
27 271 72 312 1
4 268 43 308 1
1025 173 1066 224 1
991 172 1031 228 1
956 176 989 223 1
913 178 952 221 1
842 178 881 224 1
770 178 813 231 1
739 145 772 187 1
703 175 735 225 1
637 179 667 228 1
608 145 642 190 1
534 186 571 228 1
497 189 536 235 1
466 187 506 233 1
473 154 511 194 1
415 186 452 231 1
374 188 416 235 1
343 184 382 230 1
310 186 353 231 1
256 191 294 232 1
215 191 255 235 1
206 157 249 196 1
159 189 197 233 1
152 159 192 194 1
130 196 164 232 1
92 187 139 232 1
69 195 107 232 1
37 195 77 232 1
4 192 48 231 1
34 162 74 196 1
65 165 107 197 1
969 73 1000 117 1
905 73 935 116 1
838 81 870 117 1
807 80 836 120 1
770 81 802 120 1
779 52 805 87 1
502 99 530 128 1
517 68 544 98 1
473 65 502 100 1
464 92 493 130 1
335 93 375 133 1
363 69 393 100 1
274 73 309 105 1
202 97 239 133 1
196 77 232 108 1
171 75 208 109 1
150 78 181 108 1
117 80 150 113 1
94 104 127 141 1
122 105 160 137 1
8 99 54 124 1
28 84 79 104 1
40 70 86 87 1
63 33 125 55 1
93 19 143 34 1
103 8 150 20 1
161 31 194 62 1
190 29 222 58 1
217 29 244 54 1
235 26 271 56 1
286 21 313 57 1
310 21 341 52 1
339 21 365 49 1
368 19 395 50 1
439 20 469 53 1
588 15 615 44 1
633 9 666 40 1
891 7 921 38 1
943 4 977 31 1
499 1 536 30 1
186 9 217 31 1
213 8 238 30 1
235 5 258 30 1
256 9 288 30 1
301 5 332 26 1
330 3 352 26 1
351 3 380 24 1
1138 178 1191 229 1
1115 115 1157 156 1
916 0 940 11 1
856 0 888 14 1
115 0 159 14 1
0 110 39 138 1
0 130 23 151 1
