578 492 623 564 1
630 483 679 565 1
739 492 785 563 1
901 486 952 560 1
1109 505 1197 549 1
1116 554 1219 594 1
1141 591 1241 658 1
1182 666 1257 719 1
1172 259 1220 314 1
245 488 301 563 1
149 482 210 555 1
94 415 151 472 1
49 409 108 473 1
9 416 68 470 1
258 417 306 476 1
301 416 352 477 1
366 416 413 473 1
455 416 496 478 1
497 417 540 476 1
541 414 581 482 1
631 419 673 479 1
722 419 763 480 1
855 414 899 486 1
953 422 998 489 1
1053 422 1098 488 1
1102 420 1153 489 1
1025 303 1063 361 1
1059 265 1100 317 1
1015 262 1051 307 1
968 257 1010 310 1
978 310 1021 361 1
934 308 973 359 1
888 262 919 303 1
886 304 925 360 1
848 259 879 311 1
807 258 839 302 1
803 306 842 361 1
769 255 803 306 1
692 303 722 357 1
646 304 682 362 1
619 258 653 305 1
605 304 644 363 1
569 305 609 361 1
543 261 582 309 1
533 307 569 360 1
506 261 544 306 1
493 303 533 364 1
453 303 500 363 1
429 261 468 309 1
410 304 461 362 1
349 303 396 361 1
239 302 287 360 1
123 309 179 360 1
60 305 115 357 1
0 306 47 357 1
1029 175 1067 222 1
989 173 1023 218 1
954 177 988 220 1
918 177 950 223 1
909 143 937 180 1
872 141 904 180 1
810 145 838 185 1
847 179 873 218 1
739 176 770 225 1
667 179 697 224 1
630 179 663 228 1
599 179 631 226 1
576 151 606 190 1
500 184 536 227 1
463 184 497 228 1
424 156 462 196 1
249 183 291 230 1
216 187 260 230 1
127 188 174 234 1
100 188 141 232 1
63 159 110 199 1
35 68 87 89 1
53 57 95 76 1
66 45 104 64 1
103 5 148 27 1
179 12 214 39 1
123 101 159 133 1
118 80 146 110 1
108 65 152 88 1
193 31 221 58 1
215 18 247 57 1
170 78 203 104 1
230 96 263 131 1
305 74 338 95 1
284 92 320 128 1
329 71 361 101 1
352 43 399 68 1
326 0 356 30 1
353 0 379 27 1
411 18 443 51 1
474 0 503 24 1
500 0 526 25 1
532 17 555 47 1
424 97 459 127 1
471 70 499 98 1
683 90 709 121 1
742 58 772 88 1
777 81 805 120 1
864 57 891 87 1
900 54 925 80 1
902 84 930 116 1
971 77 1000 118 1
893 0 918 32 1
976 2 1005 38 1
0 126 25 155 1
121 637 174 713 1
