42 486 109 560 1
149 483 209 557 1
199 486 260 558 1
300 488 360 565 1
354 494 405 561 1
294 647 347 716 1
177 647 231 718 1
490 645 542 719 1
551 654 601 719 1
1189 644 1261 719 1
1139 589 1239 643 1
1121 547 1214 594 1
1109 504 1195 552 1
905 489 949 567 1
1226 378 1279 444 1
1148 304 1198 370 1
1207 323 1250 373 1
1184 274 1226 318 1
1163 231 1210 270 1
1098 421 1148 492 1
1048 421 1097 488 1
1002 417 1044 489 1
958 419 1003 493 1
907 417 953 490 1
863 423 898 488 1
813 419 856 485 1
770 420 807 483 1
719 418 754 482 1
630 485 675 565 1
577 487 621 560 1
524 493 572 560 1
673 421 709 478 1
628 421 668 479 1
583 418 624 480 1
535 416 582 480 1
495 418 539 477 1
451 417 495 475 1
407 417 454 477 1
364 414 413 476 1
507 357 578 391 1
296 417 348 479 1
253 412 303 475 1
209 415 263 475 1
175 419 219 472 1
133 413 183 476 1
89 414 147 475 1
54 412 110 471 1
12 408 71 473 1
0 410 32 465 1
0 304 41 360 1
33 311 77 358 1
64 311 110 356 1
0 264 35 313 1
1063 305 1111 364 1
1053 261 1090 304 1
1009 265 1046 309 1
1022 307 1067 359 1
977 307 1015 357 1
967 261 1003 310 1
926 263 965 307 1
933 307 973 363 1
890 304 929 360 1
890 261 923 302 1
847 263 883 304 1
846 309 884 360 1
806 303 841 359 1
809 262 839 303 1
764 260 799 308 1
767 306 802 358 1
726 311 762 360 1
729 264 763 315 1
689 260 723 313 1
685 309 720 359 1
646 307 683 361 1
648 266 683 309 1
609 231 672 265 1
613 265 651 307 1
607 306 645 358 1
570 310 604 352 1
579 264 612 308 1
541 266 581 306 1
532 305 572 355 1
491 306 532 360 1
503 263 541 305 1
464 264 498 309 1
450 304 493 364 1
426 266 464 308 1
409 306 451 362 1
378 265 418 305 1
351 305 397 360 1
336 268 379 304 1
308 304 360 360 1
298 266 342 311 1
273 307 324 359 1
238 309 284 361 1
262 268 308 312 1
229 269 274 306 1
193 265 236 313 1
157 269 202 306 1
122 268 169 308 1
89 268 139 311 1
61 268 106 312 1
24 272 69 306 1
103 310 141 356 1
133 305 174 353 1
165 311 210 351 1
202 310 244 356 1
1027 176 1065 222 1
989 176 1028 222 1
951 176 988 222 1
915 176 950 221 1
882 179 913 222 1
846 176 875 222 1
808 175 840 224 1
770 178 802 225 1
737 180 767 229 1
704 182 732 224 1
668 178 700 227 1
635 181 668 225 1
595 187 632 222 1
566 181 602 228 1
529 188 568 227 1
497 185 535 227 1
460 189 497 227 1
414 188 451 230 1
377 190 419 231 1
345 188 380 230 1
313 185 352 231 1
276 188 321 236 1
246 186 293 233 1
215 191 259 232 1
185 187 226 232 1
158 190 196 231 1
126 191 169 232 1
94 190 138 237 1
65 194 107 233 1
35 190 81 234 1
3 195 51 233 1
1021 142 1051 173 1
982 137 1014 176 1
942 143 975 175 1
910 143 938 175 1
879 146 906 178 1
840 147 872 174 1
806 138 836 178 1
771 132 800 179 1
736 148 765 180 1
705 148 732 181 1
671 151 701 183 1
637 154 671 183 1
603 150 635 189 1
570 156 606 184 1
538 155 573 188 1
507 150 541 185 1
473 154 510 189 1
425 151 464 187 1
392 155 431 190 1
362 151 399 188 1
336 160 370 186 1
303 151 335 186 1
270 156 306 188 1
241 156 272 188 1
208 152 246 188 1
177 156 212 190 1
151 155 188 190 1
122 157 161 190 1
93 154 137 194 1
61 162 103 193 1
33 165 70 195 1
1005 82 1031 118 1
989 43 1024 86 1
958 53 987 81 1
966 81 998 117 1
934 80 963 116 1
926 51 956 82 1
897 55 924 80 1
902 80 931 116 1
866 48 896 86 1
869 84 897 114 1
837 54 862 78 1
835 76 867 118 1
806 51 832 86 1
805 78 831 117 1
778 55 801 88 1
778 85 805 120 1
746 56 774 91 1
747 88 774 121 1
716 59 742 87 1
711 82 737 121 1
688 60 715 88 1
680 85 710 121 1
659 60 683 87 1
650 86 678 122 1
627 57 655 90 1
621 88 648 122 1
610 36 659 63 1
598 65 624 90 1
590 90 619 121 1
568 64 598 88 1
561 85 589 123 1
540 63 572 93 1
531 88 564 122 1
510 65 540 90 1
499 92 530 128 1
467 67 501 92 1
457 91 494 130 1
439 72 470 96 1
409 70 444 100 1
387 66 419 91 1
359 71 386 93 1
332 73 359 95 1
304 68 335 96 1
280 64 312 97 1
250 74 286 100 1
220 72 257 100 1
196 77 232 100 1
169 78 208 106 1
146 77 178 104 1
117 79 155 104 1
96 103 135 137 1
122 104 157 135 1
148 102 184 131 1
174 103 209 131 1
197 98 232 133 1
223 98 263 132 1
258 97 291 124 1
284 96 317 127 1
315 93 345 124 1
340 93 371 126 1
368 92 400 129 1
398 95 433 125 1
423 94 462 129 1
130 27 169 57 1
0 118 30 141 1
0 106 51 129 1
9 92 58 112 1
23 83 72 103 1
38 71 80 87 1
49 59 95 76 1
61 48 105 65 1
76 39 113 53 1
81 23 127 43 1
97 15 139 31 1
107 6 149 23 1
117 0 158 14 1
166 31 193 57 1
181 10 212 31 1
211 3 238 32 1
193 32 217 57 1
214 31 243 59 1
231 8 258 31 1
241 27 270 52 1
265 24 293 54 1
286 22 319 51 1
312 24 341 51 1
337 22 366 51 1
360 23 392 49 1
389 23 419 48 1
411 23 445 49 1
440 20 474 50 1
468 23 498 50 1
496 19 524 51 1
534 18 560 47 1
561 18 585 46 1
586 15 610 46 1
612 13 638 43 1
642 12 669 41 1
669 11 693 41 1
696 12 719 41 1
722 11 746 38 1
748 7 774 36 1
778 11 803 38 1
808 5 829 37 1
837 5 857 36 1
863 5 886 36 1
892 5 916 38 1
919 3 945 37 1
946 2 969 33 1
973 1 1000 32 1
1002 3 1031 31 1
1033 3 1060 28 1
1065 0 1088 31 1
252 9 281 26 1
280 8 304 26 1
304 5 329 23 1
327 4 353 21 1
353 3 378 21 1
377 0 399 21 1
398 0 425 22 1
424 0 450 21 1
452 0 482 17 1
476 0 501 17 1
503 0 527 19 1
541 0 567 15 1
563 0 590 16 1
870 662 920 719 1
672 656 714 719 1
607 660 643 719 1
1090 0 1121 33 1
