634 484 677 565 1
354 494 410 558 1
302 489 363 564 1
180 644 232 709 1
1105 506 1198 556 1
1119 557 1222 602 1
1131 603 1228 646 1
1140 379 1215 442 1
1064 299 1114 368 1
973 303 1017 364 1
804 302 841 361 1
863 415 906 480 1
765 413 807 485 1
722 419 760 480 1
679 415 715 481 1
627 421 669 482 1
579 413 624 482 1
541 421 582 482 1
495 413 542 483 1
454 418 500 478 1
408 412 453 474 1
365 414 413 473 1
296 408 349 476 1
254 420 304 474 1
210 415 261 477 1
170 418 222 476 1
132 412 184 477 1
94 412 154 477 1
64 407 115 465 1
12 409 74 470 1
0 415 31 467 1
727 300 757 359 1
693 263 724 313 1
655 260 687 312 1
615 264 652 311 1
608 310 646 362 1
768 177 797 226 1
839 176 874 227 1
991 53 1023 87 1
955 52 986 88 1
895 53 929 87 1
867 55 893 89 1
834 53 863 90 1
807 53 834 92 1
777 56 804 92 1
750 54 773 92 1
716 55 744 94 1
688 56 712 94 1
657 59 682 96 1
628 61 653 87 1
622 84 652 124 1
594 88 623 124 1
599 65 624 91 1
572 63 600 92 1
563 88 591 128 1
676 141 707 184 1
704 188 731 226 1
670 183 703 226 1
640 144 674 186 1
636 184 669 230 1
600 183 632 229 1
576 146 608 186 1
561 185 601 235 1
539 152 576 188 1
532 188 569 229 1
509 149 544 191 1
500 189 533 227 1
474 150 508 188 1
457 185 495 230 1
429 150 467 187 1
413 190 453 228 1
378 185 417 229 1
397 145 427 186 1
361 148 399 185 1
327 154 366 190 1
298 157 334 190 1
267 160 307 189 1
240 158 277 188 1
208 155 248 191 1
180 155 220 190 1
155 154 192 190 1
121 161 164 192 1
92 161 134 195 1
62 163 103 194 1
35 165 72 195 1
3 191 51 235 1
37 193 79 233 1
68 193 111 233 1
95 191 139 235 1
125 188 168 232 1
158 187 196 230 1
187 186 226 229 1
220 184 262 226 1
250 185 293 230 1
284 187 323 228 1
313 187 353 228 1
347 185 386 232 1
533 90 566 128 1
541 65 570 92 1
512 68 542 95 1
501 93 533 126 1
473 67 504 94 1
461 90 494 127 1
442 64 472 99 1
427 99 459 128 1
412 69 444 101 1
387 61 421 96 1
402 92 432 126 1
372 91 402 127 1
358 70 386 96 1
340 96 377 129 1
334 70 360 97 1
311 90 347 130 1
305 68 335 95 1
286 91 320 129 1
280 75 307 97 1
249 68 285 98 1
259 97 291 128 1
229 95 266 133 1
224 75 254 101 1
197 79 231 100 1
169 78 204 104 1
141 78 177 106 1
115 80 152 106 1
96 101 131 134 1
123 104 159 134 1
149 100 185 134 1
178 100 213 132 1
200 99 238 134 1
162 32 199 60 1
189 12 216 33 1
209 9 239 31 1
192 26 225 57 1
216 28 246 57 1
236 26 266 58 1
260 28 297 55 1
290 23 321 51 1
314 27 341 51 1
338 21 366 51 1
362 22 389 51 1
390 21 419 51 1
415 21 446 51 1
439 21 471 49 1
467 19 496 49 1
494 19 524 49 1
534 20 560 48 1
561 15 585 45 1
588 16 615 45 1
615 11 643 45 1
645 13 670 45 1
669 13 693 45 1
697 10 722 44 1
723 8 747 43 1
748 10 773 41 1
776 12 801 40 1
804 2 827 38 1
831 5 857 38 1
861 7 884 35 1
888 3 914 36 1
914 6 940 37 1
944 7 974 35 1
973 2 1002 34 1
1002 0 1034 35 1
1031 0 1063 29 1
1062 0 1089 28 1
232 6 261 25 1
258 6 287 27 1
281 4 303 29 1
300 3 329 24 1
325 0 354 26 1
349 2 378 19 1
376 0 404 24 1
401 0 429 20 1
423 0 456 21 1
447 0 476 20 1
474 0 501 20 1
497 0 528 18 1
537 0 565 19 1
567 0 591 16 1
589 0 617 17 1
0 116 39 138 1
6 103 48 125 1
19 92 65 114 1
29 79 74 99 1
45 67 87 89 1
55 58 96 78 1
63 44 109 65 1
77 35 118 55 1
91 25 131 46 1
100 19 139 32 1
108 7 148 24 1
119 0 163 15 1
567 305 606 360 1
578 265 614 307 1
538 261 572 309 1
531 307 566 357 1
506 263 539 309 1
491 310 529 360 1
450 305 492 362 1
466 262 505 307 1
429 265 466 307 1
413 308 452 357 1
370 259 419 309 1
352 306 395 360 1
335 259 376 309 1
315 308 359 358 1
298 273 343 310 1
277 309 323 358 1
267 267 310 311 1
238 310 288 359 1
229 268 275 312 1
194 270 239 311 1
206 309 251 355 1
164 269 206 310 1
170 311 213 357 1
124 265 171 309 1
130 305 173 361 1
95 303 144 358 1
60 308 108 358 1
94 272 137 309 1
62 270 108 312 1
34 264 75 310 1
0 272 44 309 1
0 310 45 360 1
27 309 72 359 1
1088 0 1122 28 1
0 132 27 154 1
