197 491 258 562 1
249 489 299 560 1
417 647 473 719 1
1131 495 1188 567 1
1241 415 1279 491 1
1229 366 1275 417 1
1202 319 1254 369 1
1175 270 1224 320 1
1152 217 1198 264 1
1125 145 1162 195 1
1096 282 1141 337 1
1093 427 1141 487 1
1048 423 1099 490 1
1002 422 1051 489 1
959 425 1009 489 1
904 422 952 486 1
859 413 901 487 1
814 422 852 486 1
765 410 809 483 1
727 423 764 481 1
673 419 709 483 1
629 422 668 483 1
586 423 623 480 1
541 421 579 481 1
491 422 536 478 1
445 414 493 482 1
405 422 452 479 1
359 419 406 477 1
297 422 350 478 1
255 424 305 474 1
219 414 267 473 1
183 412 230 471 1
141 420 192 472 1
97 419 150 473 1
59 406 121 474 1
16 412 72 473 1
0 417 28 469 1
1065 308 1109 363 1
1057 262 1092 309 1
1006 265 1041 312 1
1023 307 1064 361 1
965 267 1002 310 1
983 312 1024 356 1
929 265 964 313 1
937 311 980 361 1
889 263 924 309 1
898 308 936 361 1
851 262 880 308 1
854 307 890 362 1
813 262 847 309 1
811 311 847 359 1
770 263 804 307 1
768 307 803 355 1
731 260 763 308 1
729 307 763 357 1
693 255 722 308 1
687 311 722 358 1
653 267 685 311 1
649 309 685 356 1
617 270 650 305 1
608 312 640 361 1
570 307 602 357 1
580 265 613 309 1
543 266 574 311 1
529 311 569 357 1
508 263 539 310 1
490 306 529 361 1
465 266 501 309 1
451 307 487 363 1
424 265 467 312 1
411 309 451 362 1
374 268 415 312 1
350 312 396 358 1
311 313 356 360 1
274 314 319 358 1
338 271 381 313 1
301 261 342 316 1
267 268 306 314 1
238 310 278 361 1
230 272 271 312 1
194 268 236 311 1
206 311 248 358 1
166 307 212 358 1
159 270 201 309 1
131 306 179 361 1
95 309 144 355 1
126 270 172 310 1
94 265 136 313 1
57 270 108 313 1
26 272 73 309 1
0 272 39 313 1
23 310 70 359 1
59 313 111 357 1
0 310 38 357 1
1031 177 1067 224 1
1020 143 1053 179 1
985 145 1016 180 1
992 181 1034 228 1
944 145 981 180 1
952 178 988 222 1
911 142 945 179 1
914 179 948 223 1
882 181 913 218 1
878 146 905 180 1
806 143 839 180 1
849 177 880 222 1
809 180 841 226 1
775 145 802 182 1
772 181 804 222 1
740 144 769 182 1
738 182 770 221 1
708 153 737 183 1
704 180 733 223 1
671 146 702 185 1
664 186 699 226 1
640 147 669 186 1
637 184 664 225 1
605 155 637 187 1
599 183 632 227 1
576 150 607 184 1
566 181 596 225 1
541 152 575 190 1
531 192 567 227 1
509 157 542 193 1
475 154 505 189 1
464 187 500 230 1
424 156 461 182 1
411 185 454 229 1
393 152 428 192 1
381 189 418 231 1
357 155 396 189 1
346 186 387 231 1
312 188 351 231 1
333 157 363 187 1
304 154 338 188 1
286 186 324 228 1
270 151 308 190 1
253 190 294 232 1
218 189 258 228 1
240 159 276 192 1
211 159 249 187 1
181 153 219 192 1
153 156 192 194 1
119 158 160 197 1
59 163 105 197 1
35 161 71 199 1
184 188 225 234 1
157 187 195 229 1
131 191 165 232 1
92 197 136 235 1
61 199 106 237 1
35 197 81 233 1
1 196 48 236 1
1036 80 1069 118 1
991 48 1026 82 1
999 82 1031 115 1
958 48 991 81 1
966 82 996 118 1
928 46 960 85 1
935 82 963 116 1
899 51 930 83 1
896 78 929 118 1
874 52 901 87 1
868 84 898 122 1
838 54 862 86 1
836 85 865 119 1
805 58 832 84 1
807 88 835 120 1
776 57 799 88 1
775 87 805 123 1
744 61 769 86 1
746 86 771 124 1
717 61 741 85 1
715 86 742 120 1
688 59 714 91 1
680 88 714 127 1
657 64 687 93 1
652 91 680 124 1
624 64 656 93 1
622 90 653 125 1
600 63 627 91 1
592 88 623 127 1
570 67 597 95 1
561 91 584 128 1
541 63 571 93 1
533 90 561 124 1
514 67 546 95 1
503 93 534 127 1
836 30 889 52 1
469 69 502 97 1
457 96 490 128 1
441 64 470 94 1
426 94 455 128 1
396 97 430 126 1
409 70 445 97 1
385 69 414 96 1
359 67 390 95 1
342 93 377 127 1
329 67 359 100 1
311 99 344 129 1
303 70 334 97 1
285 96 318 127 1
276 67 310 96 1
253 94 292 132 1
248 75 279 103 1
225 97 263 130 1
220 74 255 101 1
201 99 233 133 1
170 100 210 133 1
195 78 228 103 1
169 80 200 103 1
145 81 176 103 1
119 79 155 105 1
83 84 126 121 1
94 104 128 136 1
118 102 159 134 1
144 104 184 137 1
0 116 34 135 1
2 104 49 125 1
17 92 61 109 1
23 81 69 98 1
41 69 82 88 1
53 59 95 76 1
68 50 107 64 1
77 38 120 55 1
88 28 127 44 1
95 16 141 34 1
111 10 149 24 1
123 0 157 10 1
169 10 196 32 1
147 32 177 56 1
169 34 199 59 1
192 33 219 57 1
208 5 240 33 1
215 29 245 58 1
239 28 272 58 1
265 27 293 51 1
257 2 280 26 1
278 0 309 26 1
305 0 332 25 1
329 0 352 28 1
350 2 380 24 1
375 2 403 22 1
397 2 425 21 1
289 25 317 52 1
312 26 340 52 1
334 22 367 52 1
361 25 391 51 1
388 23 416 48 1
411 22 441 50 1
438 27 468 52 1
449 0 474 23 1
474 0 501 22 1
467 22 494 48 1
496 21 523 43 1
505 0 527 21 1
540 0 566 16 1
535 16 562 45 1
560 19 586 44 1
566 0 589 22 1
590 0 613 18 1
586 16 610 42 1
612 15 639 45 1
645 13 665 43 1
669 8 691 42 1
693 10 719 41 1
725 8 742 37 1
752 8 772 37 1
777 7 802 35 1
807 4 830 36 1
835 6 857 33 1
862 3 886 30 1
891 3 912 31 1
919 6 944 35 1
949 8 976 35 1
977 3 1004 35 1
1005 0 1036 32 1
1034 0 1063 30 1
1063 0 1090 25 1
618 0 642 15 1
0 132 22 150 1
670 656 714 719 1
244 648 298 719 1
