492 649 543 719 1
293 646 348 718 1
174 647 233 715 1
549 653 601 719 1
931 645 983 719 1
1186 643 1263 719 1
1148 589 1240 635 1
1124 543 1213 591 1
1110 502 1195 548 1
662 658 708 719 1
877 661 914 719 1
1255 442 1279 503 1
1230 376 1279 447 1
1198 318 1248 369 1
1177 271 1226 322 1
1164 230 1211 274 1
1062 305 1112 366 1
1050 262 1095 308 1
1005 263 1043 310 1
1023 306 1063 360 1
975 307 1015 357 1
967 261 1005 306 1
928 262 967 310 1
935 306 974 362 1
888 262 925 307 1
892 303 928 361 1
849 262 886 310 1
845 302 884 360 1
800 256 836 306 1
809 303 837 362 1
765 263 797 308 1
766 307 800 359 1
730 264 759 309 1
727 313 762 361 1
686 260 722 310 1
686 306 721 359 1
643 303 685 362 1
653 263 683 310 1
617 261 646 309 1
609 307 644 359 1
577 264 615 311 1
570 310 604 354 1
539 269 578 309 1
530 306 569 356 1
507 356 578 392 1
970 497 1021 557 1
904 489 949 559 1
738 490 786 561 1
628 485 675 566 1
577 489 620 563 1
522 497 574 561 1
350 494 403 565 1
300 487 360 565 1
197 487 261 560 1
147 486 210 558 1
41 488 112 559 1
1097 419 1147 494 1
1051 422 1097 492 1
1002 420 1045 489 1
952 416 996 490 1
910 419 951 488 1
858 421 899 486 1
817 423 855 487 1
770 420 808 481 1
717 421 756 479 1
671 423 711 479 1
626 422 667 479 1
581 419 626 480 1
537 417 583 483 1
494 416 540 480 1
450 418 498 478 1
405 416 452 476 1
359 419 410 475 1
294 421 346 479 1
253 414 308 476 1
210 418 262 476 1
172 421 224 474 1
131 413 183 475 1
91 412 149 476 1
51 413 111 473 1
10 408 75 473 1
0 411 33 470 1
490 305 531 358 1
502 266 542 310 1
465 263 502 310 1
448 311 489 365 1
427 268 464 311 1
406 310 454 364 1
380 261 417 308 1
348 306 395 361 1
331 270 378 306 1
309 306 356 364 1
296 266 345 313 1
274 309 318 359 1
266 272 308 309 1
237 308 285 360 1
226 267 271 312 1
204 309 248 355 1
195 265 232 312 1
158 263 200 312 1
133 305 181 357 1
164 311 215 355 1
121 269 168 311 1
90 267 137 313 1
58 264 105 313 1
27 272 71 308 1
0 263 33 317 1
0 302 44 359 1
32 307 79 357 1
64 311 110 357 1
100 307 145 355 1
0 237 46 277 1
1028 175 1062 224 1
1021 143 1058 176 1
979 138 1014 177 1
989 175 1027 226 1
945 141 978 178 1
949 177 985 221 1
910 146 940 181 1
914 181 947 220 1
878 146 905 178 1
880 179 913 224 1
841 148 871 180 1
847 178 876 224 1
805 136 838 183 1
808 180 840 223 1
769 132 802 180 1
769 180 802 225 1
737 148 763 183 1
737 183 767 227 1
706 146 730 182 1
701 181 733 225 1
673 151 699 182 1
666 182 697 229 1
640 151 668 181 1
633 180 668 228 1
602 146 635 190 1
594 186 632 224 1
567 181 600 227 1
572 153 606 185 1
540 157 569 187 1
531 181 568 232 1
507 153 539 188 1
496 185 532 226 1
474 154 504 188 1
462 187 497 231 1
430 151 461 187 1
413 188 449 228 1
393 157 430 189 1
377 194 417 231 1
360 149 397 189 1
348 186 381 228 1
334 158 369 184 1
313 184 353 229 1
301 151 336 189 1
277 185 320 237 1
248 183 293 231 1
269 153 307 190 1
241 158 276 191 1
208 151 246 188 1
217 188 258 232 1
188 184 225 234 1
160 188 195 230 1
178 155 216 190 1
150 155 190 192 1
174 127 232 158 1
121 156 162 195 1
124 190 165 233 1
93 188 139 234 1
63 192 104 233 1
37 191 78 231 1
4 193 46 235 1
93 156 138 192 1
60 162 103 194 1
35 168 70 195 1
3 160 42 198 1
70 92 112 135 1
1003 79 1034 120 1
990 42 1023 81 1
956 53 985 82 1
964 81 996 119 1
926 51 956 79 1
929 80 964 115 1
899 52 926 81 1
901 81 931 118 1
865 51 899 87 1
870 82 899 118 1
837 57 863 80 1
835 79 869 121 1
804 50 831 87 1
805 80 833 121 1
776 51 802 86 1
778 84 805 121 1
746 57 773 89 1
748 85 778 120 1
715 59 742 87 1
709 80 736 123 1
685 59 712 88 1
682 84 706 122 1
658 59 683 89 1
648 88 682 125 1
627 60 654 92 1
622 87 646 123 1
598 64 625 92 1
589 87 619 123 1
567 63 599 89 1
561 87 593 124 1
540 64 570 90 1
531 87 560 126 1
508 67 541 90 1
498 89 532 129 1
466 66 499 97 1
458 91 484 132 1
440 72 466 97 1
425 90 457 130 1
401 97 428 125 1
412 69 445 99 1
384 65 419 92 1
367 89 398 132 1
358 71 387 95 1
340 89 371 129 1
330 70 363 96 1
313 91 346 128 1
305 67 335 102 1
282 65 311 95 1
285 94 319 131 1
257 92 290 127 1
223 96 261 132 1
198 102 230 132 1
173 99 207 135 1
147 104 182 134 1
123 102 158 138 1
98 100 131 137 1
120 78 149 107 1
142 80 177 109 1
170 77 208 104 1
195 77 232 107 1
220 74 259 103 1
250 73 285 99 1
0 118 33 138 1
0 105 55 126 1
10 93 60 110 1
19 82 71 99 1
35 70 81 87 1
50 60 100 74 1
59 46 107 64 1
75 36 116 55 1
82 24 128 43 1
92 17 137 34 1
105 6 150 24 1
116 0 160 15 1
159 17 187 41 1
185 10 215 34 1
167 30 197 59 1
212 0 235 32 1
231 8 259 30 1
254 8 281 33 1
279 5 302 24 1
302 6 329 23 1
327 4 353 26 1
349 0 379 25 1
376 1 402 22 1
398 0 426 23 1
422 0 450 23 1
448 0 480 24 1
478 0 505 20 1
500 0 525 21 1
193 33 221 54 1
214 29 245 59 1
236 29 266 54 1
264 24 293 55 1
286 24 320 53 1
309 24 340 50 1
335 23 364 53 1
361 22 392 52 1
387 23 417 48 1
412 23 443 47 1
439 23 469 49 1
468 23 496 48 1
493 21 525 49 1
542 0 565 19 1
533 19 559 44 1
562 20 587 44 1
565 0 591 21 1
595 0 617 17 1
586 13 608 47 1
612 12 638 45 1
642 10 667 42 1
669 7 694 43 1
695 7 719 43 1
722 8 743 41 1
747 7 775 39 1
777 9 803 37 1
806 4 829 37 1
835 6 858 34 1
863 5 883 36 1
892 4 917 33 1
920 3 945 35 1
949 3 971 33 1
976 1 1003 33 1
1004 5 1034 32 1
1036 2 1061 31 1
1059 0 1093 26 1
1087 0 1117 29 1
