181 640 228 707 1
245 630 294 699 1
300 647 348 706 1
366 646 413 713 1
554 651 592 714 1
1034 496 1086 570 1
1108 511 1197 556 1
971 496 1022 568 1
907 490 951 561 1
740 491 781 560 1
687 499 726 559 1
633 485 675 561 1
305 493 359 566 1
243 487 299 561 1
200 485 253 556 1
150 487 206 555 1
99 493 157 556 1
41 488 108 562 1
3 494 53 554 1
1096 432 1151 489 1
1047 428 1096 487 1
1004 426 1046 487 1
955 422 1000 486 1
1232 389 1276 455 1
1130 560 1237 600 1
1179 268 1223 317 1
910 420 951 485 1
864 421 904 486 1
819 419 859 482 1
767 420 804 486 1
724 420 759 480 1
670 421 711 482 1
627 419 669 480 1
584 423 622 485 1
540 423 579 480 1
497 418 538 479 1
451 416 496 482 1
409 418 451 476 1
356 421 405 481 1
293 421 345 475 1
244 416 297 478 1
209 418 252 477 1
166 420 218 475 1
86 412 144 476 1
50 414 102 470 1
15 416 65 467 1
1069 309 1109 364 1
1057 261 1092 311 1
1013 254 1053 312 1
1024 311 1060 358 1
982 304 1020 360 1
925 253 965 309 1
938 306 976 357 1
899 303 932 360 1
849 258 883 307 1
857 307 886 354 1
811 304 845 362 1
767 256 802 312 1
766 304 800 361 1
992 175 1021 222 1
1034 175 1066 227 1
727 304 760 361 1
686 301 722 362 1
647 306 684 360 1
612 312 646 361 1
567 306 605 359 1
531 306 565 357 1
615 266 650 309 1
576 259 613 310 1
493 310 532 359 1
506 264 543 314 1
475 270 507 305 1
453 304 489 359 1
411 308 449 359 1
432 268 470 308 1
381 274 417 310 1
358 308 396 358 1
318 309 359 358 1
273 310 321 359 1
241 307 279 362 1
202 310 251 361 1
163 305 212 359 1
129 310 174 357 1
91 309 137 356 1
25 306 79 354 1
2 311 42 352 1
4 271 44 310 1
125 273 169 309 1
196 269 234 306 1
262 260 301 306 1
297 268 338 306 1
338 266 374 308 1
949 140 982 188 1
812 179 842 225 1
743 180 768 222 1
740 149 769 184 1
701 181 734 226 1
664 183 696 226 1
670 145 701 185 1
605 147 637 192 1
528 181 566 231 1
512 151 542 186 1
498 186 529 233 1
464 186 497 231 1
470 154 506 186 1
433 156 463 190 1
410 190 449 232 1
375 188 415 233 1
204 192 258 233 1
275 157 310 193 1
237 160 277 193 1
176 160 221 193 1
117 160 164 198 1
93 202 136 237 1
68 194 106 231 1
67 167 106 197 1
33 166 72 198 1
4 196 40 230 1
34 194 74 231 1
91 103 132 134 1
123 103 158 131 1
229 94 264 130 1
338 94 375 130 1
367 98 401 132 1
456 91 485 128 1
498 91 533 127 1
508 66 539 95 1
541 70 573 102 1
899 48 924 89 1
988 51 1016 84 1
860 3 883 35 1
804 3 830 37 1
672 9 695 45 1
588 14 615 49 1
533 17 558 52 1
492 25 516 51 1
361 20 395 49 1
336 26 364 51 1
287 25 322 51 1
326 4 360 31 1
281 8 310 30 1
262 7 286 29 1
239 25 272 53 1
215 29 242 55 1
194 32 227 55 1
164 33 201 59 1
187 12 217 34 1
86 25 130 46 1
53 56 97 74 1
36 67 84 87 1
1 112 38 139 1
121 78 147 106 1
148 78 179 104 1
169 74 205 105 1
274 73 307 104 1
297 71 331 104 1
386 69 415 98 1
413 67 444 98 1
1138 176 1186 227 1
1179 660 1268 719 1
1144 610 1229 655 1
880 663 918 719 1
674 654 715 719 1
108 650 173 712 1
0 413 32 467 1
116 0 158 20 1
0 132 22 154 1
537 0 565 24 1
695 0 723 16 1
777 0 801 16 1
911 0 938 12 1
