278 185 324 230 1
310 185 355 233 1
345 185 388 233 1
375 184 421 232 1
409 187 452 232 1
461 184 503 230 1
500 186 535 229 1
534 186 567 232 1
565 184 599 230 1
598 186 634 230 1
632 187 664 226 1
665 186 699 227 1
702 184 734 222 1
735 182 772 225 1
775 182 807 225 1
807 183 842 222 1
844 183 879 222 1
880 182 915 219 1
917 182 956 222 1
956 177 992 222 1
987 180 1027 219 1
1022 175 1068 220 1
226 267 280 310 1
259 265 312 310 1
295 266 344 312 1
335 268 386 310 1
377 268 424 312 1
426 269 471 310 1
458 267 503 311 1
503 264 546 306 1
537 266 580 307 1
573 263 618 308 1
614 263 655 307 1
648 264 688 307 1
689 260 727 309 1
763 260 807 306 1
809 254 848 306 1
849 257 889 310 1
885 254 931 307 1
928 257 969 307 1
966 255 1014 309 1
1011 256 1054 307 1
1051 258 1098 306 1
202 304 249 361 1
234 305 291 363 1
272 301 323 361 1
307 308 359 365 1
349 306 396 364 1
410 307 449 368 1
443 306 497 366 1
481 309 529 365 1
523 304 571 364 1
565 310 604 364 1
606 310 648 364 1
643 312 685 363 1
690 310 724 361 1
725 311 766 362 1
767 310 804 362 1
808 308 848 360 1
851 311 891 362 1
888 311 934 359 1
934 309 976 362 1
972 307 1022 360 1
1017 311 1062 360 1
1059 304 1113 358 1
127 413 185 473 1
165 417 223 473 1
211 417 268 474 1
254 416 307 472 1
295 421 349 475 1
362 420 412 471 1
405 416 457 472 1
446 416 508 477 1
492 418 545 475 1
535 420 588 478 1
580 419 626 477 1
625 418 672 481 1
669 419 717 475 1
718 417 764 479 1
763 417 809 476 1
811 421 858 480 1
903 421 957 480 1
952 418 1004 482 1
997 419 1054 485 1
1045 417 1098 481 1
1089 416 1151 479 1
87 500 158 561 1
141 501 211 563 1
188 500 264 564 1
246 497 315 564 1
295 499 363 562 1
351 501 418 558 1
461 507 527 567 1
518 504 581 563 1
624 507 683 570 1
481 653 535 714 1
545 650 593 717 1
909 497 956 568 1
970 497 1023 581 1
1037 492 1088 583 1
1109 505 1197 542 1
1115 547 1210 586 1
1130 582 1229 630 1
1217 362 1273 425 1
292 649 353 718 1
246 630 305 706 1
171 646 232 715 1
691 495 729 570 1
93 414 149 476 1
58 412 113 475 1
16 420 74 475 1
168 310 209 358 1
128 305 177 366 1
96 306 146 364 1
65 308 106 363 1
27 303 73 363 1
0 307 38 363 1
2 272 38 307 1
26 267 77 306 1
57 269 106 309 1
95 270 134 308 1
130 272 169 305 1
161 266 199 306 1
193 271 234 308 1
289 231 350 259 1
1017 144 1054 179 1
985 144 1015 179 1
943 142 977 180 1
911 144 942 181 1
875 141 908 179 1
843 142 871 179 1
809 142 837 181 1
773 144 801 175 1
740 137 768 181 1
706 146 738 183 1
672 145 701 182 1
641 151 667 184 1
609 150 634 185 1
573 152 603 184 1
543 153 571 187 1
513 154 543 185 1
478 154 509 186 1
429 158 462 188 1
400 156 432 186 1
364 156 399 187 1
334 156 368 191 1
303 159 339 192 1
273 158 303 191 1
250 190 286 232 1
219 189 258 232 1
184 190 224 233 1
154 190 195 236 1
129 189 168 234 1
99 192 137 235 1
67 189 108 234 1
33 192 75 238 1
6 193 46 238 1
236 159 275 192 1
211 155 247 189 1
176 160 216 192 1
152 160 193 190 1
125 162 164 190 1
97 162 136 192 1
67 168 105 193 1
37 165 75 194 1
1003 76 1033 119 1
964 83 998 120 1
935 80 962 118 1
902 79 932 118 1
867 80 899 122 1
839 82 865 123 1
806 85 832 123 1
775 81 801 125 1
745 81 770 125 1
717 84 739 126 1
686 85 709 125 1
656 89 681 131 1
627 88 650 127 1
594 90 623 128 1
564 95 593 129 1
532 89 566 130 1
505 89 532 130 1
460 93 493 126 1
429 91 460 130 1
398 93 428 129 1
370 89 402 128 1
340 92 373 132 1
312 92 345 131 1
287 97 316 133 1
256 89 292 132 1
229 97 265 133 1
204 99 237 133 1
177 98 208 136 1
148 103 182 137 1
121 108 157 135 1
97 103 127 139 1
990 52 1019 77 1
956 43 987 82 1
928 47 956 82 1
898 50 925 81 1
872 52 893 82 1
837 48 862 86 1
804 50 834 90 1
776 58 801 85 1
749 52 770 84 1
720 49 747 85 1
687 51 714 87 1
659 55 688 90 1
631 63 659 91 1
603 57 628 90 1
572 64 600 93 1
540 68 571 92 1
510 70 542 91 1
473 70 504 91 1
443 68 474 94 1
412 71 443 94 1
384 70 411 92 1
354 73 390 92 1
335 71 362 91 1
300 72 335 97 1
279 70 306 93 1
250 69 282 95 1
221 73 258 97 1
193 76 230 99 1
170 75 204 102 1
146 81 179 104 1
120 84 156 106 1
1 107 48 126 1
18 94 59 113 1
4 116 34 140 1
32 86 73 103 1
32 67 88 90 1
55 59 95 77 1
63 49 111 66 1
74 35 120 55 1
107 8 151 27 1
164 31 198 64 1
190 29 222 61 1
219 26 246 59 1
243 22 269 55 1
259 22 292 56 1
287 20 317 57 1
310 20 343 53 1
337 19 368 51 1
365 18 391 53 1
390 20 420 50 1
415 18 446 54 1
440 13 469 54 1
470 18 498 51 1
499 15 524 50 1
536 14 562 49 1
560 12 590 51 1
587 10 615 48 1
614 11 639 47 1
640 11 665 46 1
668 12 694 42 1
694 10 720 45 1
723 8 749 40 1
751 7 777 41 1
780 5 803 39 1
807 6 831 42 1
837 8 862 41 1
864 7 889 38 1
891 3 916 34 1
921 3 949 36 1
954 0 973 35 1
978 2 1002 36 1
1004 5 1033 36 1
1034 4 1061 34 1
1063 3 1088 30 1
116 651 172 712 1
672 643 717 719 1
614 650 663 719 1
735 646 782 719 1
880 663 924 719 1
1174 665 1247 719 1
1244 421 1279 491 1
1090 0 1116 30 1
185 7 212 31 1
209 10 240 28 1
254 9 283 32 1
275 5 303 26 1
304 5 329 22 1
331 0 354 20 1
353 0 381 20 1
382 0 405 19 1
402 0 429 21 1
427 0 453 24 1
450 0 475 22 1
479 0 502 23 1
505 0 525 18 1
542 0 566 19 1
564 0 591 20 1
594 0 615 15 1
618 0 645 12 1
648 0 669 11 1
671 0 696 13 1
699 0 724 10 1
726 0 746 10 1
93 27 134 45 1
106 17 138 31 1
117 0 158 14 1
