278 185 324 230 1
310 185 355 233 1
345 185 388 233 1
375 184 421 232 1
409 187 452 232 1
500 186 535 229 1
565 184 599 230 1
632 187 664 226 1
665 186 699 227 1
702 184 734 222 1
775 182 807 225 1
844 183 879 222 1
880 182 915 219 1
917 182 956 222 1
956 177 992 222 1
1022 175 1068 220 1
226 267 280 310 1
259 265 312 310 1
295 266 344 312 1
335 268 386 310 1
426 269 471 310 1
458 267 503 311 1
503 264 546 306 1
537 266 580 307 1
573 263 618 308 1
614 263 655 307 1
648 264 688 307 1
728 264 766 307 1
809 254 848 306 1
1051 258 1098 306 1
234 305 291 363 1
272 301 323 361 1
349 306 396 364 1
410 307 449 368 1
443 306 497 366 1
523 304 571 364 1
565 310 604 364 1
606 310 648 364 1
643 312 685 363 1
725 311 766 362 1
808 308 848 360 1
851 311 891 362 1
888 311 934 359 1
934 309 976 362 1
972 307 1022 360 1
1017 311 1062 360 1
127 413 185 473 1
165 417 223 473 1
211 417 268 474 1
254 416 307 472 1
295 421 349 475 1
362 420 412 471 1
405 416 457 472 1
446 416 508 477 1
492 418 545 475 1
580 419 626 477 1
669 419 717 475 1
718 417 764 479 1
763 417 809 476 1
856 422 909 482 1
903 421 957 480 1
952 418 1004 482 1
997 419 1054 485 1
1045 417 1098 481 1
1089 416 1151 479 1
87 500 158 561 1
141 501 211 563 1
295 499 363 562 1
576 505 629 567 1
624 507 683 570 1
682 487 722 562 1
739 488 780 559 1
906 487 953 564 1
1124 547 1213 597 1
1217 372 1276 438 1
1194 307 1249 372 1
1175 258 1221 310 1
4 491 59 554 1
91 412 143 474 1
9 410 73 473 1
181 370 248 405 1
163 307 217 362 1
1018 145 1053 181 1
906 138 943 181 1
872 146 906 181 1
985 52 1019 88 1
650 84 679 123 1
341 140 391 180 1
432 149 464 186 1
472 154 506 188 1
301 154 337 188 1
253 188 288 229 1
216 193 258 232 1
184 190 225 230 1
240 157 278 189 1
128 308 176 360 1
93 308 139 357 1
61 307 106 360 1
27 310 69 360 1
0 311 35 356 1
3 270 38 310 1
28 272 69 310 1
60 270 103 311 1
92 272 134 308 1
127 270 166 309 1
160 270 201 309 1
192 268 234 310 1
626 62 655 92 1
833 2 855 37 1
860 2 885 38 1
532 93 560 128 1
572 65 599 99 1
541 67 569 94 1
511 68 540 96 1
498 96 532 131 1
453 95 490 128 1
473 68 502 95 1
441 65 468 96 1
425 92 459 129 1
380 73 416 105 1
354 71 386 102 1
309 94 348 130 1
303 72 337 95 1
275 73 307 104 1
285 95 318 129 1
177 161 216 191 1
119 189 162 235 1
155 192 192 230 1
148 159 186 192 1
117 160 158 193 1
92 163 133 193 1
62 160 100 196 1
36 164 75 196 1
5 193 44 235 1
35 196 74 231 1
63 189 103 233 1
93 192 132 233 1
612 13 639 46 1
534 15 561 45 1
463 21 494 51 1
388 20 414 51 1
365 17 392 52 1
337 19 369 52 1
313 24 338 54 1
286 24 313 53 1
261 23 288 53 1
236 31 265 56 1
187 29 221 61 1
167 32 191 61 1
185 10 209 30 1
208 8 234 29 1
232 7 254 32 1
254 9 279 30 1
280 5 307 28 1
307 4 334 26 1
329 6 355 26 1
350 2 377 24 1
1 116 33 133 1
4 103 48 123 1
14 93 60 109 1
28 79 70 99 1
43 68 81 86 1
56 60 96 77 1
62 42 107 63 1
81 35 117 53 1
90 27 125 43 1
98 15 136 34 1
114 6 145 24 1
230 97 269 134 1
205 101 239 130 1
178 99 209 133 1
148 99 183 133 1
119 102 157 134 1
93 105 129 135 1
116 83 152 105 1
148 81 178 103 1
173 78 202 101 1
198 77 229 102 1
222 76 253 101 1
249 73 284 99 1
546 653 591 714 1
932 640 978 719 1
179 643 237 710 1
0 416 30 470 1
0 129 22 151 1
116 0 153 16 1
375 0 405 20 1
405 0 427 20 1
423 0 449 23 1
450 0 477 26 1
477 0 501 21 1
504 0 531 25 1
540 0 565 21 1
567 0 591 23 1
589 0 616 21 1
615 0 641 17 1
644 0 668 21 1
1089 0 1118 25 1
