346 652 403 716 1
417 652 472 717 1
479 655 527 718 1
544 649 589 716 1
285 641 353 713 1
1108 506 1194 549 1
1116 551 1221 596 1
1215 355 1270 418 1
1244 414 1277 483 1
1200 309 1245 360 1
1172 261 1227 317 1
1155 222 1203 269 1
1102 421 1156 490 1
1050 422 1106 491 1
1005 421 1056 491 1
1034 490 1081 566 1
975 498 1025 562 1
913 491 956 555 1
960 420 1002 492 1
907 420 951 484 1
864 418 907 484 1
815 420 857 485 1
856 488 905 562 1
805 492 847 557 1
739 489 786 561 1
683 493 726 564 1
630 490 673 564 1
577 485 625 567 1
528 485 572 564 1
466 493 515 567 1
415 495 462 561 1
361 497 412 566 1
305 486 358 566 1
252 493 305 559 1
198 492 254 558 1
148 487 207 558 1
86 495 146 561 1
43 488 104 558 1
3 490 58 552 1
11 412 70 469 1
52 409 110 475 1
91 415 145 480 1
133 416 188 475 1
176 416 227 476 1
215 415 264 476 1
255 417 311 479 1
299 419 354 476 1
364 412 416 474 1
409 422 453 479 1
451 419 494 479 1
492 420 537 483 1
536 419 579 479 1
584 419 624 477 1
632 421 666 482 1
672 416 713 477 1
728 419 762 487 1
769 421 804 484 1
1065 305 1112 367 1
1050 259 1095 308 1
1010 256 1049 307 1
1019 303 1063 360 1
977 305 1019 361 1
970 250 1010 307 1
932 261 966 306 1
937 307 977 358 1
891 307 931 362 1
888 258 925 308 1
849 256 882 308 1
851 305 889 355 1
810 303 845 359 1
813 258 841 305 1
770 265 803 305 1
765 307 806 358 1
729 304 766 360 1
729 257 768 304 1
697 267 725 309 1
688 303 723 361 1
644 306 678 359 1
656 261 690 305 1
617 266 649 308 1
602 304 643 363 1
567 309 605 355 1
574 265 611 312 1
543 256 574 308 1
530 305 566 358 1
485 306 526 363 1
502 266 539 311 1
463 266 498 312 1
424 266 465 311 1
411 309 454 360 1
448 309 491 366 1
352 305 400 366 1
369 260 412 309 1
336 261 374 313 1
309 307 359 365 1
272 313 320 365 1
239 309 285 362 1
202 309 253 361 1
298 271 340 314 1
262 270 302 312 1
224 269 267 312 1
194 268 242 308 1
160 268 207 316 1
125 269 172 314 1
97 272 141 309 1
55 272 107 314 1
25 271 75 310 1
1 273 38 311 1
1 308 41 362 1
32 308 76 357 1
63 309 111 355 1
95 307 141 362 1
137 314 176 354 1
162 316 211 361 1
1032 178 1068 223 1
993 180 1030 222 1
957 176 990 221 1
915 179 953 219 1
881 177 914 223 1
843 177 875 223 1
805 179 840 224 1
772 180 804 223 1
737 184 764 222 1
703 181 731 225 1
666 179 698 223 1
1019 138 1052 177 1
979 137 1014 178 1
946 140 980 175 1
914 146 949 183 1
874 145 903 180 1
840 142 874 179 1
807 144 837 179 1
773 144 806 182 1
738 147 767 182 1
702 141 731 183 1
673 150 699 180 1
637 147 670 186 1
603 149 637 184 1
578 149 602 184 1
541 156 571 184 1
509 150 539 186 1
471 154 507 190 1
630 186 660 229 1
601 182 628 227 1
563 183 597 228 1
530 184 565 228 1
495 184 531 230 1
464 188 497 232 1
410 189 443 235 1
431 153 465 188 1
392 156 429 186 1
376 182 414 231 1
347 183 376 232 1
310 186 350 230 1
280 186 319 231 1
249 188 286 231 1
216 187 259 231 1
186 187 228 230 1
150 194 194 231 1
120 191 164 230 1
100 192 140 231 1
63 192 109 232 1
37 193 81 232 1
4 196 49 230 1
8 158 42 192 1
32 162 74 191 1
59 163 99 192 1
89 161 129 191 1
120 163 156 193 1
148 161 188 190 1
175 160 212 190 1
204 156 247 188 1
239 157 277 186 1
267 156 306 187 1
299 157 338 185 1
330 157 367 185 1
361 156 398 183 1
1019 56 1056 104 1
990 49 1020 77 1
998 79 1026 114 1
963 46 990 86 1
966 84 994 114 1
925 46 957 76 1
931 77 961 117 1
900 77 931 118 1
894 51 922 77 1
863 51 891 77 1
868 81 900 117 1
837 80 867 116 1
833 50 857 85 1
805 47 829 86 1
806 82 832 114 1
780 52 800 86 1
778 86 802 122 1
748 84 771 122 1
749 50 770 85 1
717 53 744 88 1
717 88 744 119 1
683 83 711 120 1
687 49 713 83 1
659 58 681 88 1
655 84 681 124 1
622 88 649 123 1
628 65 652 92 1
600 66 625 92 1
593 92 618 126 1
558 89 587 131 1
573 66 597 91 1
545 67 569 94 1
512 70 543 94 1
499 93 529 127 1
525 95 553 130 1
455 94 487 132 1
476 70 502 95 1
440 69 471 92 1
413 70 442 95 1
385 70 412 98 1
357 73 386 94 1
334 71 363 93 1
301 75 333 96 1
276 77 304 98 1
251 76 280 97 1
222 78 253 99 1
192 79 224 104 1
171 79 197 101 1
150 80 173 104 1
117 82 150 108 1
84 83 123 120 1
93 105 122 138 1
119 101 158 136 1
147 101 183 136 1
175 97 204 132 1
201 94 235 129 1
229 93 257 129 1
257 95 282 129 1
278 93 317 130 1
312 94 351 130 1
343 92 372 128 1
370 91 397 130 1
396 86 426 129 1
427 93 453 130 1
1 114 35 138 1
6 101 48 123 1
12 92 62 114 1
27 81 74 98 1
39 69 84 89 1
50 59 97 78 1
60 48 107 64 1
71 39 122 54 1
85 28 127 48 1
92 21 135 37 1
107 9 148 25 1
145 31 176 65 1
167 30 200 62 1
195 31 222 60 1
217 28 246 56 1
236 24 268 57 1
264 25 294 54 1
285 23 315 55 1
311 23 341 53 1
335 23 366 53 1
361 16 390 51 1
389 17 414 55 1
410 17 442 51 1
438 15 470 50 1
470 15 493 51 1
492 20 517 55 1
535 14 561 45 1
558 14 586 47 1
584 17 613 48 1
613 12 640 47 1
641 15 664 46 1
666 7 695 44 1
698 7 716 42 1
722 8 749 44 1
750 9 776 39 1
777 8 803 41 1
803 4 830 37 1
835 4 860 40 1
862 3 888 38 1
892 6 918 36 1
921 5 946 33 1
945 5 975 32 1
975 4 1006 34 1
1007 9 1038 33 1
1039 6 1066 35 1
1067 4 1096 35 1
163 6 188 28 1
182 8 215 29 1
209 9 239 29 1
234 8 260 34 1
258 2 285 32 1
281 0 312 26 1
304 5 332 24 1
324 4 352 24 1
348 0 381 18 1
376 2 404 16 1
401 2 424 16 1
605 656 657 719 1
676 651 720 719 1
811 654 852 719 1
746 654 791 719 1
873 660 913 719 1
932 655 978 719 1
1176 662 1273 719 1
1144 607 1235 654 1
256 633 303 718 1
183 648 234 714 1
118 649 178 710 1
62 648 118 708 1
0 645 56 705 1
423 0 453 20 1
452 0 478 20 1
475 0 504 19 1
502 0 529 21 1
539 0 562 20 1
567 0 592 19 1
593 0 615 17 1
616 0 641 11 1
644 0 669 16 1
673 0 691 12 1
698 0 720 11 1
722 0 749 13 1
751 0 771 14 1
778 0 804 8 1
1097 0 1122 22 1
117 0 157 12 1
0 126 24 148 1
0 196 24 231 1
1129 153 1168 194 1
1146 186 1183 225 1
