542 643 596 714 1
931 641 992 717 1
877 658 920 715 1
1179 660 1269 718 1
1139 611 1231 651 1
1122 557 1222 596 1
1106 510 1204 551 1
1243 413 1279 483 1
1170 262 1227 318 1
1155 218 1198 266 1
1100 422 1153 489 1
916 487 956 559 1
741 489 787 559 1
575 495 622 564 1
527 496 570 563 1
357 493 406 561 1
305 493 355 565 1
365 646 417 717 1
290 648 352 716 1
197 486 255 560 1
149 485 205 559 1
91 493 154 557 1
1 490 60 557 1
1053 431 1105 488 1
1004 423 1055 489 1
961 418 1006 484 1
910 414 962 486 1
866 417 908 487 1
815 415 859 479 1
773 417 809 482 1
725 413 756 480 1
671 416 712 481 1
629 420 666 480 1
583 418 621 478 1
539 419 580 481 1
493 415 538 481 1
452 417 496 480 1
406 414 459 479 1
369 412 415 475 1
301 419 351 478 1
259 416 312 479 1
219 415 267 474 1
177 418 226 479 1
131 416 182 476 1
90 417 148 478 1
55 410 108 477 1
12 417 68 475 1
1068 304 1112 367 1
1052 265 1096 308 1
1023 307 1067 359 1
977 306 1020 363 1
965 256 1009 309 1
1031 175 1068 221 1
861 221 925 249 1
889 258 925 304 1
930 258 966 305 1
936 304 977 362 1
894 307 934 361 1
848 303 888 363 1
808 258 841 304 1
808 303 843 358 1
767 256 804 311 1
771 311 804 362 1
991 178 1030 223 1
956 174 991 221 1
916 176 950 222 1
880 177 914 219 1
843 175 874 220 1
809 175 840 225 1
806 139 838 181 1
773 177 803 222 1
735 182 769 226 1
638 144 669 192 1
567 184 601 231 1
541 152 574 189 1
527 185 566 232 1
459 187 494 231 1
474 155 506 185 1
430 154 466 192 1
731 304 765 362 1
691 306 722 358 1
648 305 683 360 1
615 263 652 309 1
609 306 646 363 1
570 308 609 363 1
582 264 612 309 1
539 270 579 309 1
530 307 567 360 1
488 305 527 363 1
466 270 500 312 1
449 307 486 360 1
406 307 449 364 1
424 266 468 308 1
369 261 415 306 1
356 309 394 361 1
339 263 376 308 1
297 268 343 313 1
308 306 354 360 1
272 320 312 359 1
237 310 281 364 1
260 271 306 312 1
228 267 265 310 1
200 311 250 366 1
160 312 211 364 1
162 268 211 308 1
127 268 172 308 1
97 273 139 305 1
56 273 107 308 1
28 272 73 311 1
1 275 36 312 1
129 312 175 364 1
90 305 143 363 1
54 309 107 363 1
26 311 75 357 1
1 310 39 353 1
273 187 321 232 1
327 158 369 191 1
146 195 196 232 1
205 155 250 193 1
173 158 214 191 1
145 155 186 194 1
62 194 112 232 1
37 193 80 232 1
6 196 49 232 1
740 84 774 122 1
962 77 996 117 1
832 53 860 91 1
715 60 744 96 1
625 64 660 96 1
541 69 569 99 1
510 66 540 100 1
454 92 494 129 1
409 70 445 107 1
356 72 389 101 1
330 69 362 106 1
301 74 332 106 1
244 74 281 105 1
203 101 237 131 1
196 77 230 103 1
118 103 160 133 1
91 103 130 132 1
123 77 156 108 1
0 113 37 137 1
26 76 74 104 1
47 56 97 79 1
87 16 140 37 1
117 3 156 14 1
107 10 149 24 1
1 30 26 56 1
192 29 221 58 1
216 27 249 57 1
256 2 283 32 1
262 24 292 55 1
311 20 340 54 1
336 19 366 54 1
388 18 418 51 1
413 19 447 50 1
464 23 495 46 1
490 21 519 49 1
527 15 559 47 1
562 12 590 47 1
611 13 637 48 1
721 7 749 42 1
775 6 803 39 1
833 3 861 37 1
890 2 914 37 1
919 2 944 36 1
951 2 976 34 1
283 1 313 29 1
304 4 334 28 1
353 3 383 21 1
377 3 406 26 1
425 1 455 23 1
478 2 507 23 1
500 0 530 21 1
539 2 563 19 1
567 0 594 13 1
698 0 720 21 1
234 0 265 14 1
0 130 23 150 1
254 633 303 703 1
187 644 241 701 1
113 653 177 710 1
680 657 730 719 1
