114 633 186 715 1
181 645 236 714 1
234 627 299 709 1
287 644 350 717 1
540 648 591 718 1
609 656 655 714 1
671 653 715 718 1
803 652 851 716 1
866 661 919 714 1
1172 652 1258 713 1
1128 589 1225 639 1
1117 545 1226 592 1
1102 503 1201 545 1
1101 422 1157 487 1
1235 399 1279 465 1
1195 321 1241 375 1
1174 264 1228 319 1
905 489 954 558 1
972 492 1025 568 1
1035 494 1084 566 1
1053 422 1103 489 1
995 409 1046 489 1
957 423 998 483 1
904 417 947 482 1
856 414 899 482 1
813 415 852 482 1
765 415 807 481 1
739 485 787 563 1
634 490 673 562 1
576 501 623 568 1
352 494 404 553 1
298 488 359 566 1
195 487 248 564 1
149 483 205 559 1
43 485 108 558 1
0 484 62 556 1
720 417 757 475 1
677 420 715 477 1
625 417 670 483 1
581 418 625 476 1
535 415 585 478 1
488 417 540 479 1
443 421 496 480 1
406 416 454 477 1
361 417 407 480 1
300 416 351 470 1
260 417 308 474 1
209 416 264 472 1
170 413 228 475 1
138 416 187 472 1
88 416 144 472 1
50 407 108 470 1
14 412 71 466 1
1064 310 1110 361 1
1055 262 1097 310 1
1012 262 1053 307 1
1020 302 1063 358 1
975 304 1019 361 1
969 256 1014 306 1
930 258 965 304 1
922 304 969 362 1
890 304 926 355 1
888 254 925 305 1
851 259 881 311 1
808 258 843 304 1
808 303 846 355 1
769 307 806 353 1
772 262 804 304 1
732 261 761 303 1
727 305 759 358 1
689 261 726 311 1
684 307 718 356 1
644 302 680 364 1
611 300 640 355 1
623 257 650 305 1
574 263 612 311 1
539 265 575 306 1
528 307 569 357 1
501 260 543 308 1
491 308 526 359 1
452 306 492 356 1
464 261 504 304 1
429 269 466 306 1
411 307 451 358 1
347 306 392 361 1
311 309 357 362 1
337 260 375 309 1
295 268 343 309 1
275 309 316 360 1
242 305 284 354 1
201 308 250 356 1
165 308 206 353 1
131 309 179 357 1
100 307 142 354 1
61 306 112 355 1
26 306 76 352 1
2 308 39 351 1
3 269 38 298 1
29 268 73 303 1
58 268 106 301 1
89 269 134 306 1
131 266 166 309 1
157 266 202 305 1
190 267 234 302 1
221 269 262 303 1
259 270 303 305 1
1029 177 1062 220 1
994 175 1025 218 1
956 178 990 218 1
918 177 953 219 1
882 177 913 218 1
810 177 837 220 1
771 178 804 223 1
741 172 767 219 1
703 180 731 221 1
666 183 696 223 1
635 182 666 224 1
601 180 627 225 1
568 180 595 223 1
532 184 564 227 1
496 183 533 232 1
465 188 496 230 1
510 153 543 186 1
479 154 506 186 1
606 153 637 182 1
642 149 670 182 1
674 150 701 181 1
741 138 773 179 1
774 147 803 174 1
802 148 837 175 1
844 143 873 185 1
874 142 904 180 1
913 137 942 177 1
951 142 977 177 1
981 143 1015 180 1
1022 144 1049 173 1
412 186 444 229 1
375 188 416 231 1
343 187 383 232 1
314 190 348 231 1
279 187 318 232 1
249 191 287 228 1
209 189 252 230 1
188 188 224 226 1
152 192 199 229 1
119 195 160 231 1
95 195 136 231 1
67 189 111 233 1
34 191 78 232 1
9 193 46 232 1
391 151 430 189 1
362 154 400 186 1
336 154 367 190 1
300 155 337 190 1
264 159 307 195 1
239 155 278 195 1
209 156 243 188 1
181 158 218 190 1
153 160 191 191 1
123 162 160 193 1
96 164 132 193 1
63 164 103 192 1
33 166 70 192 1
1006 82 1037 116 1
1023 44 1050 82 1
994 48 1021 80 1
956 46 988 81 1
968 80 1001 119 1
935 81 965 116 1
926 45 952 82 1
897 49 923 74 1
902 77 933 115 1
871 77 899 116 1
864 49 892 80 1
835 43 862 86 1
807 52 833 85 1
809 79 836 118 1
774 79 804 114 1
779 50 804 83 1
746 53 775 88 1
747 87 770 117 1
714 83 742 118 1
716 54 743 83 1
687 56 710 84 1
681 85 711 120 1
652 89 677 122 1
656 59 682 89 1
626 64 651 91 1
620 90 647 124 1
601 65 624 85 1
593 85 620 124 1
560 89 593 124 1
570 60 595 90 1
539 60 571 93 1
509 67 537 91 1
532 93 561 124 1
498 89 528 129 1
476 68 500 87 1
455 90 490 129 1
440 68 473 91 1
428 92 461 128 1
397 90 432 128 1
411 66 443 91 1
387 68 414 91 1
370 90 403 124 1
359 69 390 93 1
331 69 361 96 1
339 92 371 124 1
312 90 344 127 1
305 71 335 95 1
282 93 317 131 1
259 93 291 125 1
271 72 306 92 1
250 74 278 90 1
228 92 265 127 1
226 72 258 93 1
201 72 230 96 1
174 71 204 101 1
147 73 179 102 1
121 81 156 103 1
67 106 101 133 1
93 99 132 136 1
124 99 157 134 1
149 98 181 131 1
173 97 204 128 1
201 94 232 129 1
3 115 34 135 1
3 100 49 123 1
17 89 59 108 1
32 79 71 97 1
41 67 84 85 1
55 52 97 72 1
77 48 107 65 1
80 39 120 56 1
87 25 130 42 1
95 17 141 32 1
106 5 150 23 1
166 29 201 59 1
196 30 220 54 1
216 26 242 56 1
238 24 268 56 1
260 21 296 54 1
288 20 316 52 1
314 21 345 54 1
340 20 366 50 1
368 21 392 47 1
387 16 417 49 1
413 19 443 48 1
442 16 468 47 1
465 16 493 49 1
494 16 522 47 1
533 11 560 46 1
561 13 589 47 1
585 11 615 41 1
617 12 640 43 1
643 10 666 41 1
668 6 694 41 1
698 9 721 39 1
724 6 750 37 1
749 6 777 36 1
779 6 804 37 1
806 2 831 33 1
837 3 863 33 1
867 5 891 36 1
897 3 919 30 1
917 3 944 31 1
947 2 974 32 1
977 0 1002 32 1
1004 5 1031 32 1
1034 2 1061 29 1
1063 1 1090 31 1
184 9 214 31 1
211 9 240 29 1
232 6 264 28 1
255 6 284 22 1
278 6 307 24 1
300 6 330 25 1
328 3 355 21 1
349 4 381 22 1
379 2 408 19 1
1142 187 1182 230 1
1126 152 1162 193 1
1114 118 1151 157 1
1091 63 1119 89 1
1091 0 1117 28 1
422 0 451 20 1
451 0 474 15 1
472 0 502 17 1
502 0 524 16 1
543 0 567 16 1
570 0 596 16 1
596 0 621 13 1
621 0 643 12 1
647 0 669 9 1
128 0 160 15 1
0 127 21 151 1
0 410 37 467 1
