278 185 324 230 1
310 185 355 233 1
345 185 388 233 1
375 184 421 232 1
409 187 452 232 1
461 184 503 230 1
500 186 535 229 1
534 186 567 232 1
565 184 599 230 1
598 186 634 230 1
632 187 664 226 1
665 186 699 227 1
702 184 734 222 1
735 182 772 225 1
775 182 807 225 1
807 183 842 222 1
844 183 879 222 1
880 182 915 219 1
917 182 956 222 1
956 177 992 222 1
987 180 1027 219 1
1022 175 1068 220 1
226 267 280 310 1
259 265 312 310 1
295 266 344 312 1
335 268 386 310 1
377 268 424 312 1
426 269 471 310 1
458 267 503 311 1
503 264 546 306 1
537 266 580 307 1
573 263 618 308 1
614 263 655 307 1
648 264 688 307 1
689 260 727 309 1
728 264 766 307 1
763 260 807 306 1
809 254 848 306 1
849 257 889 310 1
885 254 931 307 1
928 257 969 307 1
966 255 1014 309 1
1011 256 1054 307 1
1051 258 1098 306 1
202 304 249 361 1
234 305 291 363 1
272 301 323 361 1
307 308 359 365 1
349 306 396 364 1
410 307 449 368 1
443 306 497 366 1
481 309 529 365 1
523 304 571 364 1
565 310 604 364 1
606 310 648 364 1
643 312 685 363 1
690 310 724 361 1
725 311 766 362 1
767 310 804 362 1
808 308 848 360 1
851 311 891 362 1
888 311 934 359 1
934 309 976 362 1
972 307 1022 360 1
1017 311 1062 360 1
1059 304 1113 358 1
127 413 185 473 1
165 417 223 473 1
211 417 268 474 1
254 416 307 472 1
295 421 349 475 1
362 420 412 471 1
405 416 457 472 1
446 416 508 477 1
492 418 545 475 1
535 420 588 478 1
580 419 626 477 1
625 418 672 481 1
669 419 717 475 1
718 417 764 479 1
763 417 809 476 1
811 421 858 480 1
856 422 909 482 1
903 421 957 480 1
952 418 1004 482 1
997 419 1054 485 1
1045 417 1098 481 1
1089 416 1151 479 1
42 501 110 555 1
87 500 158 561 1
141 501 211 563 1
188 500 264 564 1
246 497 315 564 1
295 499 363 562 1
351 501 418 558 1
408 504 475 561 1
461 507 527 567 1
518 504 581 563 1
576 505 629 567 1
624 507 683 570 1
438 599 531 648 1
576 575 667 612 1
347 648 404 716 1
296 639 351 703 1
250 635 300 699 1
415 656 469 719 1
481 654 527 719 1
544 651 589 719 1
1177 662 1268 719 1
1146 609 1236 654 1
1124 552 1226 602 1
1111 507 1192 550 1
1246 416 1279 485 1
1219 352 1269 416 1
1126 359 1198 412 1
902 370 981 412 1
1129 265 1187 316 1
1174 263 1227 318 1
1157 222 1197 266 1
1037 491 1082 570 1
978 500 1022 569 1
918 487 956 562 1
859 492 901 563 1
806 496 844 567 1
741 491 784 562 1
684 495 729 565 1
0 491 59 557 1
94 418 146 473 1
54 410 110 473 1
12 412 70 472 1
0 419 32 469 1
162 311 214 359 1
134 311 177 354 1
96 309 142 361 1
61 306 109 356 1
28 311 76 358 1
0 306 40 360 1
194 265 241 313 1
163 270 206 314 1
127 269 172 313 1
92 273 136 309 1
58 270 106 312 1
25 275 74 309 1
0 275 37 310 1
1037 222 1104 260 1
1019 141 1055 180 1
980 142 1014 179 1
948 145 977 178 1
913 146 944 181 1
876 147 903 181 1
842 147 870 179 1
807 146 837 182 1
771 146 801 183 1
737 149 767 183 1
704 147 732 184 1
671 151 701 185 1
641 145 670 188 1
606 152 638 186 1
575 151 602 187 1
541 157 575 187 1
508 152 539 187 1
473 152 507 188 1
427 152 464 189 1
396 157 431 188 1
362 159 397 187 1
330 158 370 188 1
304 158 338 186 1
335 130 390 154 1
268 159 307 188 1
251 187 289 228 1
240 156 278 190 1
220 191 259 229 1
184 187 226 232 1
208 156 249 192 1
179 163 212 193 1
152 159 188 194 1
122 161 160 194 1
92 160 131 197 1
65 165 102 193 1
31 163 75 198 1
8 198 51 231 1
40 192 78 234 1
64 193 108 235 1
97 195 139 231 1
124 192 162 232 1
151 194 194 230 1
0 115 36 136 1
2 103 51 125 1
8 91 62 111 1
29 80 73 99 1
45 70 84 89 1
52 58 97 77 1
64 47 109 65 1
79 37 120 54 1
88 27 129 46 1
97 20 139 37 1
109 10 148 24 1
116 0 158 14 1
192 0 235 11 1
186 12 215 32 1
172 32 202 60 1
120 80 153 107 1
93 103 133 135 1
121 99 157 133 1
148 102 186 134 1
175 102 213 133 1
205 97 240 129 1
229 98 265 128 1
256 97 291 129 1
284 91 316 126 1
310 93 348 126 1
342 93 372 126 1
148 78 178 104 1
170 78 202 102 1
195 80 231 101 1
221 79 252 98 1
246 74 281 98 1
199 51 246 74 1
276 74 308 96 1
301 72 333 97 1
331 71 363 95 1
356 72 385 96 1
376 71 414 98 1
410 70 442 97 1
395 94 430 128 1
371 96 400 127 1
429 95 459 125 1
440 69 470 94 1
407 52 462 69 1
473 68 508 97 1
462 93 495 127 1
512 69 543 95 1
500 97 528 128 1
532 98 554 123 1
543 71 570 93 1
573 67 599 90 1
558 87 592 128 1
593 91 620 125 1
600 66 628 92 1
627 62 657 89 1
623 86 651 124 1
654 62 683 89 1
647 85 682 120 1
684 85 715 120 1
691 56 715 87 1
717 62 745 89 1
719 85 745 119 1
748 86 773 117 1
750 54 773 87 1
778 56 802 86 1
776 84 804 121 1
805 53 834 81 1
809 83 833 119 1
833 49 861 85 1
837 84 866 115 1
864 53 893 85 1
870 85 897 115 1
895 51 925 81 1
900 81 930 117 1
931 46 959 78 1
933 81 962 116 1
961 49 990 83 1
964 83 997 115 1
992 53 1022 79 1
1000 82 1027 113 1
1025 58 1058 105 1
1016 29 1075 50 1
1064 4 1093 31 1
1033 2 1066 31 1
1002 5 1034 33 1
976 3 1004 32 1
948 1 972 32 1
916 8 949 35 1
892 4 920 35 1
859 5 887 34 1
833 5 859 37 1
807 4 831 39 1
776 7 802 39 1
751 7 776 39 1
721 9 749 42 1
693 5 721 40 1
666 7 694 42 1
639 11 665 42 1
611 12 642 42 1
585 15 613 47 1
561 18 590 43 1
532 15 559 47 1
489 24 520 50 1
467 19 497 48 1
440 17 470 51 1
407 18 443 53 1
389 20 418 52 1
361 19 396 47 1
336 21 367 53 1
310 22 343 52 1
287 26 315 52 1
258 24 293 56 1
241 25 270 57 1
217 28 248 54 1
194 29 223 54 1
213 10 237 30 1
230 11 261 28 1
257 4 285 24 1
282 0 311 25 1
303 2 330 23 1
327 2 354 22 1
352 0 380 20 1
376 0 403 21 1
398 0 423 18 1
420 0 454 18 1
450 0 479 16 1
476 0 503 18 1
504 0 533 21 1
538 0 565 16 1
566 0 593 19 1
592 0 617 14 1
1093 0 1122 26 1
0 128 26 149 1
0 661 52 716 1
180 650 235 712 1
108 646 170 710 1
605 653 656 718 1
751 654 787 719 1
673 652 721 719 1
813 659 857 719 1
866 661 915 719 1
929 666 978 719 1
1134 150 1174 194 1
