310 185 355 233 1
632 187 664 226 1
775 182 807 225 1
844 183 879 222 1
880 182 915 219 1
987 180 1027 219 1
1022 175 1068 220 1
259 265 312 310 1
426 269 471 310 1
573 263 618 308 1
648 264 688 307 1
849 257 889 310 1
966 255 1014 309 1
1011 256 1054 307 1
272 301 323 361 1
349 306 396 364 1
410 307 449 368 1
481 309 529 365 1
565 310 604 364 1
690 310 724 361 1
725 311 766 362 1
888 311 934 359 1
934 309 976 362 1
972 307 1022 360 1
211 417 268 474 1
254 416 307 472 1
295 421 349 475 1
362 420 412 471 1
405 416 457 472 1
446 416 508 477 1
492 418 545 475 1
535 420 588 478 1
580 419 626 477 1
763 417 809 476 1
811 421 858 480 1
856 422 909 482 1
952 418 1004 482 1
997 419 1054 485 1
1045 417 1098 481 1
141 501 211 563 1
295 499 363 562 1
1179 266 1225 319 1
1202 319 1247 372 1
1229 375 1276 449 1
1092 507 1196 547 1
902 490 947 561 1
975 496 1018 555 1
743 490 783 560 1
557 651 587 708 1
373 644 411 710 1
298 643 343 710 1
187 639 235 704 1
103 414 148 475 1
53 417 111 471 1
11 411 74 470 1
5 367 77 406 1
161 313 210 352 1
152 266 201 311 1
89 272 138 317 1
56 268 99 314 1
1 307 43 359 1
600 150 632 191 1
670 153 701 188 1
836 148 871 186 1
908 146 937 185 1
869 82 897 120 1
836 59 864 92 1
770 55 802 95 1
682 61 714 95 1
617 89 647 127 1
622 60 653 96 1
592 64 622 101 1
528 91 560 127 1
539 156 570 191 1
425 154 462 193 1
361 152 399 191 1
247 194 285 231 1
213 191 255 232 1
181 190 225 232 1
121 192 165 231 1
91 193 133 235 1
3 193 48 235 1
34 164 78 197 1
151 159 189 194 1
38 69 84 89 1
50 54 95 74 1
91 21 137 37 1
104 5 148 26 1
94 103 130 133 1
121 102 154 137 1
147 102 182 132 1
221 94 268 134 1
282 96 315 129 1
310 94 345 130 1
362 91 401 127 1
419 97 457 132 1
403 66 435 102 1
435 69 469 101 1
302 68 335 99 1
219 78 255 107 1
116 81 154 106 1
162 30 196 63 1
209 4 241 40 1
284 24 315 55 1
331 21 367 54 1
395 1 425 22 1
413 21 441 51 1
532 17 560 49 1
607 12 640 44 1
772 3 802 40 1
805 3 829 39 1
832 6 859 37 1
918 4 946 38 1
975 2 1001 37 1
1035 3 1063 37 1
1119 546 1217 591 1
1142 594 1239 638 1
795 650 852 719 1
671 658 723 719 1
722 0 751 19 1
1084 0 1123 27 1
1061 47 1092 79 1
945 0 968 11 1
