188 500 264 564 1
37 488 109 558 1
141 490 204 557 1
297 488 357 562 1
522 497 574 560 1
632 487 674 566 1
685 498 727 562 1
740 491 784 567 1
911 490 948 562 1
256 630 294 693 1
304 647 345 712 1
550 655 589 709 1
1105 502 1199 544 1
1121 541 1211 580 1
1113 427 1151 491 1
1063 418 1104 492 1
962 421 1006 489 1
911 427 953 485 1
859 420 903 490 1
815 422 850 489 1
765 418 802 488 1
727 419 759 480 1
676 414 715 478 1
631 421 668 481 1
583 422 627 482 1
540 423 585 479 1
496 419 539 482 1
449 422 497 480 1
404 419 449 478 1
360 417 408 477 1
296 421 346 476 1
248 421 300 477 1
203 420 263 483 1
163 418 220 475 1
123 417 179 480 1
46 413 109 476 1
1020 308 1066 354 1
980 311 1025 370 1
935 308 975 367 1
972 266 1011 316 1
1048 253 1092 308 1
1201 319 1250 372 1
1183 266 1232 323 1
1162 224 1207 275 1
746 232 823 269 1
616 265 654 309 1
890 303 930 363 1
848 304 882 364 1
805 305 846 362 1
765 304 801 360 1
725 299 761 360 1
688 311 722 359 1
644 305 682 362 1
606 312 643 359 1
563 316 601 365 1
524 307 564 364 1
485 308 527 360 1
504 266 538 312 1
444 308 491 366 1
469 271 506 312 1
431 268 472 312 1
409 311 455 362 1
346 309 395 362 1
376 268 410 312 1
336 265 375 310 1
299 271 341 309 1
311 309 351 359 1
271 308 320 362 1
235 313 283 358 1
199 310 247 359 1
160 311 209 364 1
209 311 209 311 1
126 310 177 359 1
58 310 108 361 1
2 311 44 356 1
5 265 46 312 1
155 264 207 318 1
223 270 268 310 1
988 142 1020 187 1
877 145 910 188 1
918 175 951 225 1
808 177 837 222 1
815 148 839 183 1
768 170 802 226 1
701 179 735 228 1
637 147 671 189 1
605 147 637 187 1
597 184 632 226 1
564 183 598 229 1
533 187 566 229 1
496 188 536 229 1
460 187 497 233 1
471 153 509 192 1
414 185 450 233 1
369 190 413 236 1
306 183 353 229 1
219 189 261 232 1
179 192 223 233 1
148 190 194 235 1
234 157 277 194 1
61 190 107 235 1
116 160 161 200 1
94 161 127 195 1
55 163 97 199 1
9 161 50 197 1
2 194 45 235 1
1 103 48 128 1
19 76 73 100 1
32 68 81 88 1
49 56 95 74 1
63 43 108 64 1
83 26 131 45 1
104 6 148 26 1
87 108 125 137 1
110 79 147 110 1
140 80 175 110 1
182 55 237 83 1
193 76 230 106 1
244 71 281 105 1
353 68 388 105 1
430 66 468 103 1
454 93 490 129 1
469 67 501 96 1
502 90 529 129 1
534 91 562 125 1
656 62 684 96 1
688 62 716 92 1
748 6 776 40 1
637 8 665 45 1
612 11 639 45 1
583 13 613 44 1
528 17 557 54 1
493 21 517 49 1
505 1 531 26 1
474 1 502 25 1
451 2 474 22 1
424 1 450 24 1
398 2 423 26 1
348 2 381 27 1
301 3 332 26 1
255 4 284 32 1
231 8 260 28 1
207 7 233 34 1
179 12 212 35 1
162 30 191 59 1
191 25 221 57 1
215 27 245 50 1
258 22 287 55 1
285 25 314 49 1
332 25 365 49 1
384 26 411 56 1
418 21 440 50 1
441 19 467 48 1
875 668 916 719 1
1180 660 1264 719 1
1147 599 1243 643 1
1249 431 1279 494 1
810 662 859 719 1
981 661 1036 719 1
886 0 915 15 1
0 411 32 471 1
