278 185 324 230 1
310 185 355 233 1
345 185 388 233 1
375 184 421 232 1
409 187 452 232 1
461 184 503 230 1
500 186 535 229 1
534 186 567 232 1
565 184 599 230 1
598 186 634 230 1
632 187 664 226 1
665 186 699 227 1
702 184 734 222 1
735 182 772 225 1
775 182 807 225 1
807 183 842 222 1
844 183 879 222 1
880 182 915 219 1
917 182 956 222 1
956 177 992 222 1
987 180 1027 219 1
1022 175 1068 220 1
226 267 280 310 1
259 265 312 310 1
295 266 344 312 1
335 268 386 310 1
377 268 424 312 1
426 269 471 310 1
458 267 503 311 1
503 264 546 306 1
537 266 580 307 1
573 263 618 308 1
614 263 655 307 1
648 264 688 307 1
728 264 766 307 1
763 260 807 306 1
809 254 848 306 1
849 257 889 310 1
885 254 931 307 1
928 257 969 307 1
966 255 1014 309 1
1011 256 1054 307 1
1051 258 1098 306 1
202 304 249 361 1
234 305 291 363 1
272 301 323 361 1
307 308 359 365 1
349 306 396 364 1
410 307 449 368 1
443 306 497 366 1
481 309 529 365 1
523 304 571 364 1
565 310 604 364 1
606 310 648 364 1
643 312 685 363 1
690 310 724 361 1
725 311 766 362 1
767 310 804 362 1
808 308 848 360 1
851 311 891 362 1
888 311 934 359 1
934 309 976 362 1
972 307 1022 360 1
1017 311 1062 360 1
1059 304 1113 358 1
127 413 185 473 1
165 417 223 473 1
211 417 268 474 1
254 416 307 472 1
295 421 349 475 1
362 420 412 471 1
405 416 457 472 1
446 416 508 477 1
492 418 545 475 1
580 419 626 477 1
625 418 672 481 1
669 419 717 475 1
718 417 764 479 1
763 417 809 476 1
811 421 858 480 1
856 422 909 482 1
903 421 957 480 1
952 418 1004 482 1
997 419 1054 485 1
1045 417 1098 481 1
1089 416 1151 479 1
42 501 110 555 1
87 500 158 561 1
141 501 211 563 1
295 499 363 562 1
351 501 418 558 1
518 504 581 563 1
624 507 683 570 1
113 630 181 706 1
176 644 230 709 1
235 626 304 705 1
365 647 417 712 1
483 652 538 716 1
547 650 593 719 1
612 655 660 718 1
741 652 781 719 1
872 661 917 719 1
1180 655 1260 719 1
1134 590 1237 640 1
1119 550 1212 592 1
1107 509 1198 553 1
1241 420 1279 488 1
1215 357 1279 417 1
903 485 950 561 1
94 408 147 472 1
56 416 108 468 1
18 416 77 466 1
0 407 41 464 1
171 306 217 352 1
195 267 239 306 1
163 262 206 306 1
134 305 182 356 1
129 267 177 301 1
100 303 149 357 1
64 313 111 356 1
27 311 78 358 1
0 307 45 355 1
100 272 144 309 1
56 268 108 308 1
29 264 80 310 1
0 268 47 308 1
253 189 292 229 1
221 186 258 229 1
191 194 228 225 1
158 193 198 228 1
130 192 167 229 1
99 186 137 228 1
67 190 112 232 1
37 191 78 231 1
9 195 47 232 1
35 166 77 196 1
67 167 104 194 1
99 162 135 193 1
122 161 159 188 1
153 161 186 191 1
183 153 220 193 1
216 154 249 187 1
242 153 277 187 1
274 154 308 185 1
300 152 338 187 1
335 154 367 185 1
364 153 398 186 1
396 152 426 186 1
430 155 467 188 1
475 152 508 182 1
511 151 543 184 1
544 152 574 186 1
577 147 611 186 1
614 149 641 183 1
640 153 672 185 1
672 143 702 184 1
706 144 736 180 1
744 147 768 181 1
775 148 801 181 1
807 145 835 180 1
842 143 871 182 1
873 145 905 181 1
912 146 939 179 1
942 144 971 174 1
977 147 1011 181 1
1019 143 1049 178 1
1154 222 1191 269 1
1184 274 1228 318 1
995 78 1030 116 1
964 78 995 114 1
929 79 967 113 1
896 79 928 114 1
869 83 899 116 1
836 81 868 117 1
808 84 835 117 1
775 85 802 118 1
746 84 771 118 1
717 85 741 120 1
685 85 714 122 1
653 86 676 121 1
623 90 650 121 1
596 84 624 121 1
566 90 594 119 1
535 92 566 121 1
507 93 534 122 1
462 91 492 124 1
434 98 462 124 1
400 92 435 127 1
376 92 408 124 1
343 92 373 125 1
316 91 351 129 1
284 93 323 130 1
259 95 293 125 1
233 93 267 129 1
206 91 238 130 1
178 97 214 133 1
152 98 188 131 1
120 104 159 135 1
94 102 131 132 1
988 46 1022 78 1
960 52 989 80 1
928 54 956 78 1
896 56 925 82 1
865 52 890 80 1
838 54 861 81 1
806 56 832 79 1
777 58 801 84 1
752 53 772 87 1
720 62 743 86 1
693 56 716 86 1
663 59 688 88 1
634 60 657 88 1
607 66 628 84 1
577 60 604 88 1
546 63 572 88 1
518 65 545 90 1
477 63 501 92 1
443 68 472 97 1
414 67 446 94 1
390 68 419 90 1
360 62 393 91 1
336 66 363 91 1
310 66 337 95 1
282 65 313 95 1
254 75 285 95 1
229 71 257 92 1
201 78 230 99 1
175 74 210 97 1
146 80 180 103 1
120 78 154 103 1
137 54 180 73 1
0 114 32 138 1
4 101 49 122 1
20 89 62 109 1
37 80 72 98 1
45 69 87 84 1
58 58 98 73 1
67 47 108 62 1
78 37 116 53 1
87 22 128 42 1
103 15 141 33 1
114 8 149 20 1
123 0 163 16 1
170 33 198 57 1
196 29 225 55 1
219 27 246 57 1
240 28 272 52 1
266 24 295 53 1
291 23 321 51 1
315 20 345 51 1
342 19 371 49 1
368 21 395 45 1
391 20 421 48 1
412 20 445 50 1
445 19 469 46 1
469 19 492 46 1
496 14 521 48 1
540 19 565 46 1
564 19 587 48 1
592 15 613 44 1
616 11 642 40 1
644 9 663 42 1
673 13 690 40 1
702 15 719 40 1
726 11 747 38 1
754 11 774 37 1
781 10 801 38 1
807 12 829 36 1
837 6 860 34 1
866 3 887 33 1
892 2 913 33 1
918 5 943 32 1
949 4 972 30 1
977 0 1000 30 1
1003 0 1032 30 1
1035 0 1061 27 1
1064 1 1087 27 1
185 10 213 31 1
211 9 237 31 1
235 9 264 26 1
260 7 283 29 1
281 5 304 26 1
306 5 333 25 1
334 4 361 21 1
358 0 379 20 1
381 0 403 18 1
405 0 426 18 1
427 0 452 18 1
452 0 475 17 1
473 0 500 18 1
500 0 526 16 1
543 0 571 16 1
572 0 591 14 1
1091 0 1122 25 1
0 130 23 151 1
