310 185 355 233 1
345 185 388 233 1
375 184 421 232 1
409 187 452 232 1
461 184 503 230 1
500 186 535 229 1
534 186 567 232 1
565 184 599 230 1
632 187 664 226 1
702 184 734 222 1
775 182 807 225 1
844 183 879 222 1
880 182 915 219 1
987 180 1027 219 1
1022 175 1068 220 1
226 267 280 310 1
259 265 312 310 1
295 266 344 312 1
335 268 386 310 1
377 268 424 312 1
426 269 471 310 1
458 267 503 311 1
503 264 546 306 1
537 266 580 307 1
573 263 618 308 1
728 264 766 307 1
885 254 931 307 1
928 257 969 307 1
966 255 1014 309 1
1051 258 1098 306 1
202 304 249 361 1
234 305 291 363 1
272 301 323 361 1
307 308 359 365 1
349 306 396 364 1
443 306 497 366 1
481 309 529 365 1
523 304 571 364 1
565 310 604 364 1
643 312 685 363 1
690 310 724 361 1
725 311 766 362 1
767 310 804 362 1
808 308 848 360 1
851 311 891 362 1
888 311 934 359 1
934 309 976 362 1
972 307 1022 360 1
1017 311 1062 360 1
1059 304 1113 358 1
127 413 185 473 1
165 417 223 473 1
254 416 307 472 1
295 421 349 475 1
362 420 412 471 1
405 416 457 472 1
446 416 508 477 1
492 418 545 475 1
535 420 588 478 1
580 419 626 477 1
625 418 672 481 1
669 419 717 475 1
718 417 764 479 1
811 421 858 480 1
856 422 909 482 1
903 421 957 480 1
952 418 1004 482 1
997 419 1054 485 1
1045 417 1098 481 1
1089 416 1151 479 1
42 501 110 555 1
141 501 211 563 1
295 499 363 562 1
351 501 418 558 1
624 507 683 570 1
739 491 786 563 1
902 490 953 569 1
972 492 1023 573 1
1123 536 1218 585 1
1140 586 1244 629 1
1172 639 1255 717 1
1235 389 1279 473 1
1197 318 1249 377 1
1180 268 1228 323 1
1155 217 1201 267 1
292 647 348 718 1
248 628 299 705 1
50 416 108 475 1
12 410 70 473 1
0 413 31 471 1
132 312 178 355 1
193 268 233 310 1
157 265 199 309 1
121 271 167 310 1
98 310 144 360 1
59 310 110 353 1
91 268 133 311 1
59 273 104 312 1
23 272 72 310 1
1 271 37 313 1
27 311 79 360 1
2 312 41 359 1
944 142 978 182 1
838 146 872 184 1
427 154 464 191 1
359 150 401 190 1
330 149 366 191 1
246 194 286 232 1
157 194 201 230 1
123 191 165 231 1
91 192 135 236 1
64 192 104 232 1
34 191 76 232 1
1 192 46 234 1
30 164 73 191 1
62 164 106 192 1
120 163 160 193 1
151 160 193 192 1
993 29 1044 55 1
972 2 1003 33 1
778 1 803 41 1
834 56 865 87 1
600 61 627 99 1
530 90 560 126 1
510 65 542 99 1
539 2 566 25 1
569 1 593 23 1
594 2 621 23 1
449 2 480 24 1
396 0 428 23 1
373 3 401 27 1
382 25 412 52 1
413 22 440 49 1
333 22 367 54 1
377 72 413 101 1
452 89 491 130 1
150 101 185 135 1
147 77 181 105 1
117 81 153 111 1
93 109 129 136 1
118 109 154 138 1
1 101 46 127 1
35 68 82 93 1
54 53 95 75 1
81 26 127 46 1
92 14 142 33 1
109 2 148 24 1
133 16 170 47 1
166 34 197 64 1
178 10 212 35 1
208 11 238 35 1
214 27 245 59 1
0 130 21 151 1
1085 0 1116 29 1
876 661 918 719 1
679 653 718 719 1
613 655 664 719 1
170 647 230 715 1
