350 644 420 718 1
476 652 534 718 1
544 651 601 718 1
1102 505 1200 549 1
1114 551 1209 589 1
909 490 957 562 1
1033 492 1088 579 1
1099 416 1147 498 1
1188 280 1238 349 1
1214 347 1263 405 1
1237 391 1278 468 1
526 492 565 567 1
573 497 620 570 1
629 485 673 567 1
737 490 781 566 1
302 488 361 571 1
252 488 305 564 1
193 489 251 567 1
153 486 203 561 1
46 488 109 562 1
6 492 53 559 1
1048 422 1097 491 1
1002 424 1054 491 1
963 420 1006 491 1
915 417 957 490 1
866 416 905 491 1
818 417 856 496 1
766 417 804 490 1
721 411 756 486 1
736 376 804 413 1
677 413 716 485 1
632 408 669 478 1
581 420 622 483 1
543 418 580 483 1
495 421 536 484 1
449 418 494 484 1
406 419 447 481 1
366 416 406 478 1
295 423 344 479 1
253 417 304 481 1
210 418 258 475 1
169 420 220 474 1
126 413 176 477 1
91 412 139 476 1
49 413 104 476 1
7 413 69 473 1
1104 307 1148 362 1
1065 307 1108 366 1
1058 258 1095 310 1
1010 257 1052 308 1
1021 303 1060 362 1
977 301 1020 363 1
969 257 1004 305 1
932 260 965 304 1
935 304 977 364 1
890 301 927 363 1
890 259 922 303 1
848 255 883 304 1
850 300 889 366 1
811 304 846 367 1
805 258 840 305 1
768 256 800 307 1
766 307 803 364 1
731 261 763 309 1
724 306 761 365 1
692 258 726 303 1
685 304 721 361 1
652 267 685 309 1
643 308 682 363 1
616 256 651 305 1
603 307 640 361 1
570 307 606 361 1
580 267 612 304 1
547 271 578 306 1
507 269 542 308 1
471 271 502 306 1
426 264 463 308 1
410 308 450 363 1
448 310 490 368 1
490 308 529 365 1
533 309 565 361 1
379 259 415 307 1
352 311 392 364 1
336 265 382 308 1
312 305 353 363 1
298 272 338 313 1
279 312 318 362 1
267 269 307 308 1
237 309 279 360 1
227 274 267 306 1
202 307 248 362 1
167 309 208 360 1
197 266 232 310 1
158 263 205 310 1
124 273 166 306 1
87 271 135 309 1
58 272 101 314 1
26 272 67 313 1
1 266 40 312 1
2 309 37 354 1
26 310 70 358 1
61 309 105 358 1
98 304 142 358 1
125 307 169 361 1
1029 176 1066 225 1
990 175 1023 222 1
954 178 983 222 1
918 177 950 225 1
880 175 914 223 1
849 180 877 226 1
812 180 842 225 1
773 179 803 224 1
735 178 765 226 1
701 178 726 227 1
671 179 697 228 1
635 182 662 228 1
599 185 629 226 1
563 183 597 230 1
531 182 567 232 1
497 187 534 229 1
461 187 505 227 1
414 189 451 226 1
380 191 416 229 1
348 189 385 232 1
310 185 358 234 1
279 189 321 234 1
249 186 290 233 1
217 188 263 230 1
187 189 230 230 1
153 193 194 232 1
124 193 163 230 1
96 185 135 234 1
63 189 105 234 1
35 190 75 235 1
5 190 48 236 1
1016 140 1051 178 1
976 136 1012 177 1
942 133 969 178 1
910 142 938 178 1
879 138 908 176 1
843 134 873 177 1
811 140 837 181 1
772 143 803 181 1
737 142 765 179 1
706 140 732 183 1
676 139 701 179 1
644 138 670 184 1
607 147 633 182 1
574 147 602 185 1
543 143 575 181 1
509 149 542 185 1
480 150 508 185 1
427 154 461 186 1
396 153 427 184 1
362 154 399 186 1
329 159 368 183 1
302 155 336 185 1
234 156 277 187 1
208 160 245 187 1
180 162 216 195 1
150 162 188 194 1
124 163 159 191 1
95 164 132 195 1
69 167 104 193 1
37 166 73 194 1
1032 70 1067 112 1
990 41 1022 74 1
999 73 1033 119 1
957 51 986 80 1
966 79 995 117 1
924 49 951 81 1
933 80 964 118 1
896 50 918 85 1
900 85 929 121 1
867 87 896 122 1
834 53 862 87 1
839 86 864 123 1
806 55 830 81 1
805 80 836 123 1
775 49 800 93 1
747 55 771 88 1
745 85 770 122 1
719 58 743 87 1
716 82 741 123 1
687 57 712 87 1
683 85 709 122 1
657 58 683 90 1
652 86 678 126 1
633 54 652 91 1
620 81 647 126 1
601 58 625 95 1
589 85 615 126 1
574 64 600 93 1
561 88 593 130 1
546 63 575 95 1
535 94 561 130 1
510 62 541 92 1
502 90 530 128 1
475 66 499 96 1
462 90 492 128 1
447 65 468 89 1
426 83 456 129 1
411 68 440 96 1
399 93 425 131 1
388 63 411 94 1
370 89 398 131 1
359 67 390 94 1
342 83 370 129 1
330 67 360 94 1
312 88 343 132 1
302 67 329 97 1
283 88 317 129 1
275 68 304 92 1
256 91 294 130 1
251 73 276 98 1
226 92 261 134 1
225 67 257 100 1
203 74 228 101 1
173 78 203 99 1
144 76 181 105 1
118 78 153 106 1
201 100 236 135 1
177 100 209 132 1
148 101 185 135 1
123 102 158 137 1
95 103 130 138 1
2 118 36 141 1
3 104 44 127 1
19 94 59 115 1
30 83 70 102 1
37 78 75 91 1
43 68 83 87 1
51 55 93 74 1
70 48 107 69 1
77 35 114 55 1
89 26 125 46 1
97 13 138 36 1
116 5 150 21 1
149 23 184 57 1
169 31 198 61 1
191 29 219 58 1
216 30 244 56 1
240 26 265 53 1
265 24 293 54 1
287 22 315 53 1
309 24 340 53 1
338 22 368 50 1
362 20 390 51 1
390 22 415 52 1
414 20 440 50 1
466 22 494 49 1
499 15 524 49 1
532 15 557 50 1
561 15 586 50 1
587 14 611 47 1
618 14 638 46 1
641 12 664 44 1
665 11 692 44 1
697 9 719 43 1
727 12 749 40 1
751 10 774 39 1
776 9 800 38 1
805 5 828 37 1
833 6 859 36 1
863 5 890 39 1
892 3 916 37 1
920 2 944 36 1
946 2 970 34 1
973 3 999 33 1
1005 2 1032 34 1
1035 2 1059 33 1
1064 2 1087 34 1
182 8 214 29 1
208 11 244 28 1
256 3 285 25 1
281 4 308 24 1
329 1 355 26 1
354 2 380 22 1
379 1 405 23 1
399 2 426 24 1
422 2 453 26 1
452 0 475 30 1
473 0 502 22 1
506 0 528 19 1
539 0 565 20 1
570 0 590 19 1
595 0 614 15 1
618 0 642 16 1
648 0 666 13 1
0 133 20 152 1
174 643 231 714 1
933 639 981 716 1
1153 604 1247 651 1
1180 661 1262 719 1
1163 221 1207 275 1
1139 178 1185 221 1
1089 0 1121 22 1
0 408 31 466 1
