817 323 817 323 1
928 638 984 716 1
1138 589 1234 640 1
1177 661 1269 716 1
1196 421 1255 505 1
1202 313 1249 371 1
1101 497 1204 545 1
1121 544 1212 590 1
1097 416 1151 485 1
1048 422 1097 489 1
736 488 788 562 1
874 656 919 716 1
663 648 714 717 1
631 421 672 479 1
807 304 839 357 1
849 258 886 316 1
890 298 928 362 1
936 306 975 366 1
980 304 1018 361 1
1018 305 1064 361 1
1069 305 1114 364 1
1056 258 1096 307 1
1012 260 1049 306 1
967 253 1006 305 1
926 256 964 306 1
772 257 804 309 1
723 303 761 354 1
647 303 684 355 1
1028 173 1066 224 1
989 174 1025 220 1
881 174 912 221 1
840 173 877 220 1
667 177 702 224 1
531 178 567 227 1
508 146 539 193 1
362 153 399 192 1
490 304 532 361 1
427 264 468 313 1
408 313 456 370 1
410 414 458 479 1
368 415 417 477 1
362 491 408 557 1
302 486 360 563 1
298 415 348 479 1
214 415 263 477 1
149 483 209 557 1
292 645 345 718 1
228 646 286 718 1
180 641 228 717 1
9 484 68 555 1
98 405 156 469 1
53 404 109 475 1
73 365 140 400 1
314 308 353 360 1
331 262 378 312 1
371 267 416 315 1
275 308 316 361 1
263 268 304 316 1
196 308 250 360 1
189 267 237 315 1
125 260 178 312 1
129 313 183 360 1
60 306 112 357 1
60 272 108 311 1
29 272 72 311 1
28 308 78 358 1
2 309 43 356 1
805 49 832 91 1
749 50 773 92 1
974 1 1004 31 1
829 5 858 37 1
750 5 777 39 1
722 6 746 41 1
640 11 667 40 1
532 14 560 46 1
497 18 522 50 1
477 2 500 24 1
428 2 453 24 1
405 1 429 23 1
377 1 404 22 1
385 23 421 49 1
355 2 380 22 1
330 2 355 26 1
303 2 332 25 1
273 6 308 31 1
255 8 282 31 1
231 8 261 29 1
210 12 238 31 1
186 10 212 35 1
339 22 368 51 1
313 22 341 53 1
287 22 318 53 1
239 27 270 57 1
217 27 243 58 1
191 32 215 61 1
171 30 200 59 1
535 90 561 128 1
513 65 540 100 1
472 65 501 98 1
460 92 490 132 1
258 92 287 129 1
225 132 260 171 1
232 94 260 129 1
228 72 258 102 1
197 70 226 107 1
205 97 236 130 1
123 76 157 106 1
124 106 161 138 1
95 102 133 136 1
153 160 189 195 1
123 161 158 192 1
95 162 130 193 1
68 154 109 195 1
39 163 71 194 1
7 193 45 230 1
41 195 75 229 1
68 192 110 232 1
98 189 137 237 1
9 92 65 116 1
25 78 78 97 1
49 68 88 84 1
51 57 99 77 1
67 45 106 64 1
91 16 141 38 1
109 7 149 25 1
0 407 33 470 1
0 129 28 152 1
118 0 156 12 1
543 0 564 20 1
570 0 589 21 1
597 0 620 21 1
1142 186 1186 234 1
1126 148 1165 185 1
