278 185 324 230 1
310 185 355 233 1
345 185 388 233 1
375 184 421 232 1
409 187 452 232 1
461 184 503 230 1
500 186 535 229 1
534 186 567 232 1
565 184 599 230 1
598 186 634 230 1
632 187 664 226 1
665 186 699 227 1
702 184 734 222 1
735 182 772 225 1
775 182 807 225 1
807 183 842 222 1
844 183 879 222 1
880 182 915 219 1
917 182 956 222 1
956 177 992 222 1
987 180 1027 219 1
1022 175 1068 220 1
226 267 280 310 1
259 265 312 310 1
295 266 344 312 1
335 268 386 310 1
377 268 424 312 1
426 269 471 310 1
458 267 503 311 1
503 264 546 306 1
537 266 580 307 1
573 263 618 308 1
614 263 655 307 1
648 264 688 307 1
689 260 727 309 1
728 264 766 307 1
763 260 807 306 1
809 254 848 306 1
849 257 889 310 1
885 254 931 307 1
928 257 969 307 1
966 255 1014 309 1
1011 256 1054 307 1
1051 258 1098 306 1
202 304 249 361 1
234 305 291 363 1
272 301 323 361 1
307 308 359 365 1
349 306 396 364 1
410 307 449 368 1
443 306 497 366 1
481 309 529 365 1
523 304 571 364 1
565 310 604 364 1
606 310 648 364 1
643 312 685 363 1
690 310 724 361 1
725 311 766 362 1
767 310 804 362 1
808 308 848 360 1
851 311 891 362 1
888 311 934 359 1
934 309 976 362 1
972 307 1022 360 1
1017 311 1062 360 1
1059 304 1113 358 1
127 413 185 473 1
165 417 223 473 1
211 417 268 474 1
295 421 349 475 1
362 420 412 471 1
405 416 457 472 1
446 416 508 477 1
492 418 545 475 1
580 419 626 477 1
625 418 672 481 1
669 419 717 475 1
718 417 764 479 1
763 417 809 476 1
811 421 858 480 1
856 422 909 482 1
952 418 1004 482 1
997 419 1054 485 1
1045 417 1098 481 1
1089 416 1151 479 1
42 501 110 555 1
87 500 158 561 1
141 501 211 563 1
188 500 264 564 1
295 499 363 562 1
351 501 418 558 1
518 504 581 563 1
624 507 683 570 1
294 647 351 719 1
1111 504 1203 544 1
1120 549 1231 584 1
1139 589 1241 626 1
1176 646 1262 717 1
1248 417 1278 480 1
1204 317 1256 381 1
1183 262 1232 321 1
1164 216 1212 269 1
1032 494 1091 573 1
909 491 953 561 1
739 490 782 568 1
687 500 728 570 1
2 490 53 556 1
94 418 146 473 1
51 408 109 475 1
2 405 70 477 1
190 267 238 312 1
164 313 207 362 1
125 310 169 362 1
124 269 168 314 1
88 267 138 311 1
87 310 136 365 1
57 308 107 362 1
27 309 71 360 1
51 272 100 310 1
24 272 66 311 1
0 274 35 311 1
2 310 35 361 1
1018 140 1056 177 1
985 140 1020 179 1
951 137 984 182 1
915 132 947 177 1
880 144 913 181 1
814 142 843 184 1
775 143 805 180 1
742 144 769 182 1
706 141 738 185 1
677 149 703 185 1
643 146 673 180 1
611 146 639 186 1
575 144 605 186 1
543 150 570 187 1
512 147 541 185 1
479 149 507 188 1
429 153 462 191 1
391 154 424 189 1
361 153 392 190 1
328 153 365 194 1
297 155 334 191 1
269 155 303 192 1
241 150 274 193 1
244 190 280 236 1
211 190 253 237 1
208 154 241 191 1
178 157 216 193 1
182 189 215 234 1
155 188 190 235 1
124 188 166 234 1
152 149 190 191 1
118 156 153 193 1
90 157 127 195 1
66 163 93 196 1
32 162 72 195 1
1 191 45 236 1
29 195 73 236 1
63 192 100 233 1
94 194 127 232 1
1003 75 1035 115 1
993 47 1022 82 1
959 45 990 78 1
973 77 1002 115 1
931 54 957 81 1
934 78 967 119 1
900 46 931 75 1
902 73 931 116 1
868 51 898 81 1
871 81 900 119 1
839 51 863 81 1
838 80 869 118 1
811 49 836 80 1
808 78 835 122 1
778 46 805 83 1
773 84 803 122 1
747 55 775 88 1
747 90 772 125 1
717 55 745 86 1
714 86 742 121 1
687 56 717 90 1
685 85 710 125 1
658 58 684 88 1
654 88 682 121 1
631 62 654 86 1
621 87 653 125 1
603 61 626 88 1
595 87 618 128 1
570 60 592 95 1
564 89 587 127 1
542 62 566 92 1
532 90 558 130 1
509 64 539 97 1
502 93 529 130 1
473 67 501 92 1
460 84 491 126 1
443 66 471 94 1
416 67 438 94 1
388 62 418 96 1
356 66 382 89 1
330 67 354 101 1
304 67 330 97 1
275 67 304 96 1
245 76 279 101 1
220 73 253 101 1
194 74 229 103 1
170 75 203 103 1
140 77 174 107 1
118 77 149 103 1
95 99 129 134 1
120 103 150 136 1
149 102 180 135 1
175 97 208 132 1
200 96 233 131 1
230 96 261 131 1
260 93 288 131 1
289 94 319 130 1
341 93 373 127 1
368 87 397 127 1
396 93 425 129 1
428 93 458 130 1
1 117 31 138 1
3 105 46 124 1
7 91 65 111 1
23 79 70 99 1
32 69 84 90 1
49 57 95 75 1
59 45 107 61 1
73 33 117 53 1
84 24 125 43 1
95 16 138 33 1
105 5 142 23 1
162 31 194 59 1
186 33 214 57 1
213 26 242 58 1
178 8 212 34 1
208 11 233 33 1
254 8 279 28 1
281 6 306 24 1
239 26 268 54 1
260 22 289 52 1
282 24 316 52 1
310 22 336 51 1
335 21 364 52 1
360 20 389 51 1
386 18 414 51 1
408 17 439 50 1
435 16 469 51 1
463 17 491 48 1
491 17 517 50 1
560 13 590 45 1
589 12 612 45 1
613 10 641 47 1
642 9 665 41 1
665 8 692 45 1
693 6 721 42 1
721 5 749 43 1
751 7 776 40 1
779 5 806 38 1
810 6 834 36 1
839 9 862 36 1
868 3 889 38 1
891 3 916 33 1
920 3 946 32 1
950 1 974 33 1
979 0 1003 32 1
1007 2 1032 30 1
1036 2 1060 34 1
1064 2 1093 35 1
115 0 155 13 1
248 635 296 707 1
679 664 724 719 1
1092 0 1127 22 1
331 0 356 20 1
354 0 381 19 1
380 0 403 21 1
400 0 428 21 1
426 0 452 21 1
451 0 480 19 1
476 0 502 20 1
505 0 527 17 1
540 0 567 25 1
569 0 591 15 1
597 0 619 16 1
621 0 647 16 1
876 668 936 719 1
