278 185 324 230 1
310 185 355 233 1
345 185 388 233 1
375 184 421 232 1
409 187 452 232 1
461 184 503 230 1
500 186 535 229 1
534 186 567 232 1
565 184 599 230 1
598 186 634 230 1
632 187 664 226 1
665 186 699 227 1
702 184 734 222 1
735 182 772 225 1
775 182 807 225 1
807 183 842 222 1
844 183 879 222 1
880 182 915 219 1
917 182 956 222 1
956 177 992 222 1
987 180 1027 219 1
1022 175 1068 220 1
226 267 280 310 1
259 265 312 310 1
295 266 344 312 1
335 268 386 310 1
377 268 424 312 1
426 269 471 310 1
458 267 503 311 1
503 264 546 306 1
537 266 580 307 1
573 263 618 308 1
614 263 655 307 1
648 264 688 307 1
689 260 727 309 1
728 264 766 307 1
763 260 807 306 1
809 254 848 306 1
849 257 889 310 1
885 254 931 307 1
928 257 969 307 1
966 255 1014 309 1
1011 256 1054 307 1
1051 258 1098 306 1
202 304 249 361 1
234 305 291 363 1
272 301 323 361 1
307 308 359 365 1
349 306 396 364 1
410 307 449 368 1
443 306 497 366 1
481 309 529 365 1
523 304 571 364 1
565 310 604 364 1
606 310 648 364 1
643 312 685 363 1
690 310 724 361 1
725 311 766 362 1
767 310 804 362 1
808 308 848 360 1
851 311 891 362 1
888 311 934 359 1
934 309 976 362 1
972 307 1022 360 1
1017 311 1062 360 1
1059 304 1113 358 1
127 413 185 473 1
165 417 223 473 1
211 417 268 474 1
254 416 307 472 1
295 421 349 475 1
362 420 412 471 1
405 416 457 472 1
446 416 508 477 1
492 418 545 475 1
535 420 588 478 1
580 419 626 477 1
625 418 672 481 1
669 419 717 475 1
718 417 764 479 1
763 417 809 476 1
811 421 858 480 1
856 422 909 482 1
903 421 957 480 1
952 418 1004 482 1
997 419 1054 485 1
1045 417 1098 481 1
1089 416 1151 479 1
42 501 110 555 1
141 501 211 563 1
188 500 264 564 1
295 499 363 562 1
351 501 418 558 1
624 507 683 570 1
88 419 146 476 1
51 409 108 479 1
10 415 65 474 1
0 411 36 468 1
179 650 231 713 1
119 635 176 709 1
292 650 345 717 1
673 656 711 719 1
808 661 852 719 1
878 660 918 719 1
1185 663 1268 719 1
1142 588 1244 641 1
1120 546 1217 593 1
1107 500 1201 546 1
1244 416 1279 484 1
1220 356 1279 417 1
1199 311 1248 362 1
1184 266 1227 313 1
1164 224 1211 271 1
196 268 237 312 1
168 311 210 358 1
130 309 175 360 1
152 269 203 311 1
128 268 171 312 1
94 269 136 312 1
58 270 107 315 1
25 270 74 312 1
0 270 43 313 1
1 311 34 365 1
24 309 71 357 1
61 310 110 359 1
94 311 139 357 1
1023 140 1056 184 1
985 140 1016 180 1
947 143 982 177 1
913 142 943 181 1
877 147 908 183 1
844 145 875 185 1
813 141 840 182 1
781 143 809 182 1
747 144 774 184 1
706 148 741 186 1
677 151 703 185 1
640 149 671 183 1
610 145 638 183 1
568 150 605 187 1
544 153 572 184 1
504 154 541 187 1
473 154 511 187 1
430 158 464 183 1
396 155 429 186 1
365 157 399 187 1
338 155 370 190 1
301 152 340 192 1
265 156 303 190 1
234 155 270 192 1
211 160 243 194 1
247 187 289 235 1
222 191 259 234 1
185 194 227 232 1
177 157 217 194 1
153 190 197 234 1
152 156 187 193 1
122 190 165 237 1
119 161 161 194 1
90 166 127 193 1
62 165 102 195 1
36 167 73 196 1
5 193 49 236 1
36 195 75 236 1
62 197 99 234 1
91 194 133 236 1
1054 54 1090 99 1
1002 81 1033 118 1
994 51 1026 83 1
959 51 991 86 1
968 82 1002 119 1
935 75 967 115 1
932 52 955 85 1
897 53 926 81 1
903 78 933 120 1
869 82 901 122 1
863 53 898 84 1
837 57 861 81 1
837 73 867 120 1
807 56 833 83 1
805 80 835 122 1
774 53 801 86 1
776 84 804 128 1
747 54 771 83 1
745 85 773 126 1
719 57 740 91 1
714 86 739 130 1
688 58 715 88 1
686 80 709 127 1
660 61 683 94 1
655 86 683 124 1
627 58 655 90 1
629 85 652 127 1
599 59 624 95 1
598 92 621 133 1
569 67 596 91 1
564 84 590 129 1
542 65 568 93 1
533 86 565 131 1
513 68 538 96 1
500 92 529 132 1
475 67 505 99 1
461 89 488 131 1
446 68 470 102 1
432 94 460 133 1
411 65 443 97 1
401 90 431 129 1
383 68 413 97 1
373 89 400 131 1
358 71 387 99 1
334 67 363 95 1
346 92 373 130 1
317 95 348 130 1
306 69 338 93 1
279 68 310 95 1
250 74 284 97 1
227 67 257 98 1
253 92 289 133 1
233 90 262 131 1
204 92 240 134 1
181 97 211 135 1
149 102 185 136 1
122 99 154 135 1
91 100 129 139 1
116 80 152 105 1
148 79 180 104 1
169 77 206 102 1
201 76 233 100 1
190 52 237 76 1
0 119 36 143 1
4 103 42 128 1
17 90 60 115 1
27 77 72 101 1
42 67 84 88 1
55 56 96 78 1
66 45 105 68 1
78 32 120 58 1
94 22 128 46 1
104 16 141 35 1
114 4 148 24 1
124 0 156 17 1
166 31 198 63 1
195 31 220 55 1
216 26 245 56 1
238 28 268 55 1
262 25 290 57 1
287 24 316 52 1
312 22 341 52 1
334 19 368 50 1
367 18 392 50 1
390 16 418 51 1
417 18 444 53 1
440 17 469 53 1
462 18 495 57 1
491 16 521 51 1
535 18 561 54 1
559 15 587 50 1
589 13 615 48 1
617 12 643 45 1
644 12 669 44 1
672 8 694 48 1
694 7 719 44 1
721 6 748 43 1
751 2 776 41 1
778 1 805 40 1
804 3 833 43 1
837 2 859 42 1
860 6 888 38 1
894 7 917 39 1
920 3 945 35 1
952 4 973 33 1
978 0 1004 30 1
1010 0 1038 34 1
1037 0 1061 26 1
1063 0 1092 29 1
1085 126 1121 177 1
183 7 211 28 1
207 8 241 33 1
229 6 257 31 1
250 7 284 29 1
278 7 302 30 1
302 1 332 27 1
325 4 353 24 1
354 0 376 17 1
739 491 783 568 1
854 499 902 564 1
914 489 957 567 1
1031 495 1088 575 1
379 0 403 16 1
405 0 429 15 1
433 0 453 16 1
454 0 480 17 1
478 0 504 16 1
504 0 527 18 1
536 0 565 21 1
567 0 593 14 1
599 0 618 15 1
625 0 647 15 1
653 0 675 14 1
0 134 19 152 1
