310 185 355 233 1
345 185 388 233 1
375 184 421 232 1
409 187 452 232 1
461 184 503 230 1
500 186 535 229 1
565 184 599 230 1
632 187 664 226 1
702 184 734 222 1
775 182 807 225 1
844 183 879 222 1
880 182 915 219 1
987 180 1027 219 1
1022 175 1068 220 1
226 267 280 310 1
259 265 312 310 1
295 266 344 312 1
335 268 386 310 1
377 268 424 312 1
426 269 471 310 1
458 267 503 311 1
503 264 546 306 1
537 266 580 307 1
573 263 618 308 1
728 264 766 307 1
809 254 848 306 1
885 254 931 307 1
928 257 969 307 1
966 255 1014 309 1
1051 258 1098 306 1
202 304 249 361 1
234 305 291 363 1
272 301 323 361 1
307 308 359 365 1
349 306 396 364 1
410 307 449 368 1
443 306 497 366 1
481 309 529 365 1
523 304 571 364 1
565 310 604 364 1
643 312 685 363 1
690 310 724 361 1
725 311 766 362 1
767 310 804 362 1
808 308 848 360 1
851 311 891 362 1
888 311 934 359 1
934 309 976 362 1
972 307 1022 360 1
1017 311 1062 360 1
1059 304 1113 358 1
127 413 185 473 1
165 417 223 473 1
211 417 268 474 1
254 416 307 472 1
295 421 349 475 1
362 420 412 471 1
405 416 457 472 1
446 416 508 477 1
492 418 545 475 1
535 420 588 478 1
580 419 626 477 1
625 418 672 481 1
669 419 717 475 1
718 417 764 479 1
763 417 809 476 1
811 421 858 480 1
856 422 909 482 1
903 421 957 480 1
952 418 1004 482 1
997 419 1054 485 1
1045 417 1098 481 1
1089 416 1151 479 1
42 501 110 555 1
141 501 211 563 1
295 499 363 562 1
351 501 418 558 1
624 507 683 570 1
296 648 345 719 1
235 629 296 714 1
173 645 228 714 1
674 654 719 719 1
941 641 981 716 1
872 658 908 718 1
1113 500 1196 547 1
1135 584 1242 630 1
1121 544 1216 583 1
1180 635 1263 719 1
1237 399 1279 468 1
1200 321 1247 375 1
1179 269 1226 323 1
904 494 949 562 1
971 498 1022 566 1
52 416 108 475 1
11 409 69 476 1
0 417 33 474 1
191 272 231 313 1
129 311 179 354 1
92 308 145 363 1
28 312 81 358 1
157 264 202 314 1
124 270 165 308 1
93 271 138 313 1
60 270 101 313 1
24 269 76 312 1
1 271 44 311 1
948 146 982 187 1
838 149 873 186 1
426 153 465 192 1
363 152 402 190 1
326 152 368 193 1
244 193 285 231 1
163 192 198 228 1
151 157 193 192 1
124 189 169 233 1
91 190 136 237 1
58 192 100 232 1
33 192 77 232 1
61 163 107 193 1
33 164 74 194 1
837 60 867 89 1
972 0 1003 42 1
835 5 859 36 1
809 3 828 40 1
777 4 800 38 1
596 0 618 21 1
601 66 624 102 1
533 90 558 128 1
509 64 542 100 1
454 89 488 133 1
379 73 411 102 1
91 105 132 137 1
124 104 157 136 1
148 102 185 135 1
117 80 153 110 1
146 76 182 107 1
196 72 230 108 1
533 17 564 47 1
542 0 567 20 1
569 0 597 22 1
499 0 532 25 1
449 0 479 26 1
394 0 426 23 1
373 1 399 24 1
350 2 377 24 1
333 23 367 51 1
379 25 413 52 1
413 23 441 48 1
214 27 249 58 1
204 12 239 36 1
182 9 213 34 1
165 33 197 62 1
39 69 83 93 1
51 56 95 76 1
73 42 114 62 1
85 28 130 47 1
94 14 142 34 1
112 8 151 24 1
154 13 154 13 1
118 0 154 13 1
742 490 786 565 1
1085 0 1118 26 1
0 130 23 153 1
