703 549 703 549 1
296 632 356 712 1
235 626 296 709 1
172 641 229 706 1
172 706 172 706 1
63 634 129 702 1
874 657 919 719 1
679 653 723 719 1
616 655 662 719 1
1185 671 1253 719 1
1123 550 1224 597 1
1107 503 1199 553 1
1212 356 1265 417 1
1149 213 1204 270 1
1023 169 1069 225 1
1053 265 1093 311 1
1023 303 1062 360 1
977 298 1020 360 1
1044 418 1097 488 1
1100 425 1150 487 1
995 420 1045 488 1
950 414 996 490 1
908 416 954 484 1
910 487 954 562 1
771 406 810 481 1
739 485 785 561 1
631 483 675 559 1
629 416 670 483 1
541 415 589 482 1
497 416 540 480 1
450 421 496 479 1
519 495 565 557 1
360 491 409 554 1
304 485 363 561 1
300 415 350 476 1
255 413 310 474 1
173 408 229 476 1
94 403 155 477 1
148 483 214 556 1
52 406 115 469 1
14 408 71 467 1
0 410 33 467 1
933 260 965 305 1
937 303 977 360 1
892 306 934 369 1
851 306 885 357 1
847 256 884 310 1
887 255 925 309 1
811 307 842 356 1
769 294 806 356 1
691 304 724 356 1
655 258 690 312 1
610 302 646 356 1
571 304 606 357 1
544 262 581 308 1
532 303 567 355 1
503 257 540 313 1
465 258 506 308 1
452 305 491 357 1
371 257 423 309 1
352 304 394 359 1
298 260 340 307 1
280 304 320 358 1
243 304 287 357 1
243 357 243 357 1
231 260 281 316 1
196 263 241 308 1
169 306 218 360 1
136 305 182 358 1
98 305 144 359 1
67 304 111 358 1
31 303 77 356 1
0 309 45 358 1
130 267 174 309 1
64 269 108 304 1
26 261 83 307 1
977 146 1016 182 1
919 176 954 221 1
877 176 915 222 1
845 173 876 221 1
771 175 803 223 1
739 176 768 223 1
666 178 699 225 1
598 181 633 230 1
574 147 606 188 1
563 185 597 228 1
509 154 542 189 1
461 183 497 231 1
429 154 466 193 1
456 89 490 131 1
714 87 742 125 1
836 1 859 35 1
773 4 804 39 1
627 58 658 95 1
570 68 600 100 1
349 184 388 227 1
385 66 421 98 1
277 186 325 233 1
186 186 234 230 1
158 188 200 234 1
129 190 170 232 1
99 194 139 231 1
96 161 141 196 1
63 163 104 197 1
31 162 76 195 1
9 188 54 230 1
40 192 76 233 1
62 193 109 230 1
286 93 325 126 1
299 69 336 95 1
332 73 366 102 1
514 69 543 97 1
614 13 641 42 1
691 3 718 41 1
720 4 747 40 1
505 0 532 23 1
541 0 565 23 1
592 0 621 22 1
480 0 508 24 1
449 0 477 25 1
422 0 452 25 1
402 0 430 21 1
388 19 418 49 1
359 19 391 50 1
339 16 371 48 1
324 0 356 28 1
303 0 331 22 1
314 24 343 51 1
292 24 320 49 1
266 23 298 53 1
258 8 288 30 1
231 9 259 29 1
205 10 233 33 1
184 12 211 30 1
166 31 198 59 1
191 31 228 56 1
214 30 247 53 1
240 30 268 55 1
227 72 261 100 1
169 74 213 102 1
150 100 187 136 1
119 99 160 135 1
119 75 155 108 1
0 101 50 127 1
23 78 70 104 1
38 68 84 87 1
54 54 98 76 1
73 44 113 65 1
89 16 144 37 1
115 7 153 24 1
123 0 158 16 1
0 127 27 151 1
916 0 942 15 1
