310 185 355 233 1
345 185 388 233 1
375 184 421 232 1
409 187 452 232 1
461 184 503 230 1
500 186 535 229 1
534 186 567 232 1
565 184 599 230 1
598 186 634 230 1
632 187 664 226 1
665 186 699 227 1
702 184 734 222 1
735 182 772 225 1
775 182 807 225 1
844 183 879 222 1
880 182 915 219 1
917 182 956 222 1
956 177 992 222 1
987 180 1027 219 1
1022 175 1068 220 1
259 265 312 310 1
295 266 344 312 1
335 268 386 310 1
377 268 424 312 1
426 269 471 310 1
458 267 503 311 1
503 264 546 306 1
537 266 580 307 1
573 263 618 308 1
614 263 655 307 1
648 264 688 307 1
689 260 727 309 1
763 260 807 306 1
809 254 848 306 1
849 257 889 310 1
885 254 931 307 1
928 257 969 307 1
966 255 1014 309 1
1011 256 1054 307 1
1051 258 1098 306 1
202 304 249 361 1
234 305 291 363 1
272 301 323 361 1
307 308 359 365 1
349 306 396 364 1
410 307 449 368 1
443 306 497 366 1
481 309 529 365 1
523 304 571 364 1
565 310 604 364 1
643 312 685 363 1
690 310 724 361 1
725 311 766 362 1
767 310 804 362 1
808 308 848 360 1
888 311 934 359 1
934 309 976 362 1
972 307 1022 360 1
1017 311 1062 360 1
1059 304 1113 358 1
127 413 185 473 1
165 417 223 473 1
254 416 307 472 1
295 421 349 475 1
362 420 412 471 1
405 416 457 472 1
446 416 508 477 1
492 418 545 475 1
535 420 588 478 1
580 419 626 477 1
625 418 672 481 1
669 419 717 475 1
718 417 764 479 1
763 417 809 476 1
811 421 858 480 1
856 422 909 482 1
952 418 1004 482 1
1045 417 1098 481 1
1089 416 1151 479 1
42 501 110 555 1
87 500 158 561 1
141 501 211 563 1
246 497 315 564 1
295 499 363 562 1
351 501 418 558 1
518 504 581 563 1
576 505 629 567 1
624 507 683 570 1
91 415 144 469 1
46 411 106 478 1
10 416 66 475 1
0 412 32 468 1
288 647 352 719 1
360 645 413 719 1
482 651 538 719 1
552 641 596 719 1
1109 498 1197 547 1
1122 554 1233 595 1
1140 596 1230 648 1
1187 667 1272 719 1
934 638 985 719 1
903 484 948 558 1
736 490 782 562 1
1244 429 1279 491 1
1222 370 1276 428 1
1189 310 1250 363 1
1171 259 1224 312 1
124 313 174 363 1
94 312 139 360 1
59 302 112 359 1
26 311 74 360 1
0 308 41 359 1
194 268 240 313 1
159 266 203 314 1
127 270 168 313 1
94 266 134 306 1
55 265 106 311 1
21 271 70 310 1
0 267 39 311 1
1021 145 1055 178 1
948 146 976 177 1
908 146 938 180 1
874 143 906 181 1
810 148 838 186 1
776 145 804 182 1
738 142 771 183 1
707 149 738 187 1
638 153 664 187 1
576 150 604 192 1
541 155 573 186 1
423 158 458 187 1
330 152 365 192 1
301 156 333 189 1
272 151 308 192 1
254 187 288 231 1
220 184 258 230 1
210 157 252 190 1
183 157 216 189 1
151 161 189 192 1
125 160 159 193 1
94 159 127 194 1
63 159 102 192 1
0 191 47 234 1
31 191 75 235 1
68 191 109 231 1
102 191 138 232 1
123 191 169 230 1
154 185 199 229 1
188 189 226 226 1
971 78 996 117 1
935 80 962 117 1
902 77 926 117 1
869 80 894 118 1
837 78 862 119 1
805 78 829 121 1
775 80 803 122 1
745 85 768 120 1
681 88 709 123 1
622 89 655 125 1
501 96 534 130 1
458 90 495 128 1
427 95 459 128 1
369 92 406 130 1
342 93 373 128 1
314 93 346 130 1
284 93 321 130 1
231 95 268 131 1
175 104 216 132 1
122 98 162 136 1
93 99 130 135 1
990 45 1023 83 1
958 52 991 84 1
897 53 926 83 1
864 53 892 82 1
745 57 776 89 1
716 55 744 95 1
659 64 686 96 1
629 62 656 92 1
597 65 625 98 1
569 61 600 98 1
543 62 570 100 1
512 63 542 98 1
470 67 505 95 1
443 67 474 99 1
358 71 386 100 1
332 68 363 98 1
306 70 334 96 1
201 71 232 106 1
170 72 205 107 1
122 82 161 104 1
14 91 62 116 1
26 77 76 98 1
47 66 88 90 1
57 56 98 76 1
66 46 105 68 1
77 35 117 55 1
104 5 146 30 1
1031 0 1063 31 1
976 3 1005 34 1
948 2 975 36 1
889 2 918 37 1
829 3 860 38 1
698 10 721 42 1
643 11 670 44 1
670 43 670 43 1
612 9 639 47 1
561 17 587 45 1
530 18 557 51 1
501 0 525 25 1
595 0 619 20 1
649 0 671 12 1
751 0 776 18 1
476 0 501 25 1
464 20 494 46 1
441 16 469 48 1
425 0 452 20 1
397 2 427 24 1
375 0 405 25 1
352 0 379 22 1
328 0 353 28 1
297 30 297 30 1
298 5 329 30 1
279 10 307 26 1
336 21 367 50 1
364 24 392 48 1
387 22 416 51 1
414 18 440 53 1
264 21 295 53 1
233 27 268 58 1
210 21 247 56 1
191 32 219 59 1
183 11 213 37 1
167 33 191 60 1
171 646 237 715 1
677 646 713 713 1
878 643 921 710 1
0 128 26 150 1
