1132 500 1189 571 1
1243 418 1279 492 1
1224 358 1279 420 1
1180 271 1229 324 1
1154 217 1201 266 1
419 647 476 719 1
200 490 262 563 1
1095 428 1146 492 1
1046 423 1099 491 1
1004 425 1051 492 1
958 423 1008 495 1
905 417 956 490 1
858 414 903 484 1
814 419 853 488 1
768 413 810 486 1
728 417 765 486 1
675 419 711 483 1
585 420 629 483 1
539 419 579 485 1
490 419 535 484 1
446 413 493 484 1
405 422 450 484 1
295 418 352 480 1
255 420 307 477 1
217 416 268 473 1
180 407 231 473 1
134 420 192 471 1
96 417 152 477 1
58 406 118 474 1
14 408 73 475 1
0 415 25 467 1
1018 357 1091 398 1
1068 311 1111 363 1
1096 281 1141 339 1
1057 264 1090 312 1
1016 263 1053 316 1
970 263 1004 313 1
930 262 966 311 1
939 310 981 363 1
898 307 935 364 1
889 260 924 305 1
854 261 884 310 1
856 302 889 365 1
814 259 843 309 1
811 306 848 360 1
771 302 804 362 1
732 261 764 310 1
728 307 765 363 1
692 253 723 313 1
689 308 729 364 1
655 268 687 310 1
650 306 684 360 1
618 267 651 314 1
579 265 615 309 1
542 264 580 311 1
569 308 607 361 1
528 307 570 360 1
489 306 531 361 1
450 305 496 362 1
428 259 471 309 1
410 307 452 363 1
377 269 418 312 1
350 310 396 355 1
312 312 357 358 1
275 310 319 359 1
235 310 285 360 1
300 258 347 314 1
262 271 308 309 1
229 272 273 311 1
195 267 236 315 1
125 269 178 309 1
92 264 139 314 1
56 267 103 314 1
25 270 68 309 1
0 307 37 354 1
23 308 69 357 1
59 311 109 356 1
96 311 142 358 1
132 306 180 360 1
997 185 1033 230 1
1024 140 1054 186 1
984 143 1017 183 1
946 144 979 189 1
911 137 945 178 1
919 180 953 222 1
882 178 914 219 1
845 143 874 186 1
811 175 840 225 1
775 141 804 178 1
774 175 804 225 1
741 143 769 188 1
711 149 735 187 1
706 186 736 226 1
671 149 705 190 1
667 186 699 228 1
638 143 670 187 1
635 185 664 229 1
607 151 636 188 1
577 146 611 183 1
563 180 598 228 1
541 150 579 192 1
474 153 512 188 1
464 186 501 231 1
412 180 454 232 1
429 151 461 179 1
394 151 429 189 1
380 185 419 231 1
359 152 396 187 1
344 185 382 231 1
330 153 365 193 1
302 146 337 190 1
253 189 293 234 1
268 154 307 193 1
240 152 276 194 1
215 154 247 190 1
182 149 215 192 1
157 153 188 193 1
119 153 159 198 1
89 156 127 198 1
60 161 99 195 1
35 154 70 199 1
184 189 224 234 1
157 188 194 230 1
127 190 167 234 1
95 198 134 235 1
34 195 79 232 1
0 195 46 236 1
1002 84 1033 119 1
990 46 1025 86 1
958 48 990 82 1
933 86 963 120 1
932 47 960 85 1
899 78 931 119 1
901 49 930 80 1
872 48 903 84 1
868 82 897 119 1
836 50 865 87 1
838 84 866 117 1
805 52 832 85 1
806 84 835 123 1
777 58 801 86 1
777 86 802 124 1
746 53 770 84 1
748 82 773 122 1
719 57 744 85 1
716 86 743 124 1
690 56 716 89 1
683 88 713 126 1
660 62 689 90 1
652 88 684 125 1
627 63 656 99 1
570 66 598 93 1
559 93 590 128 1
546 62 573 89 1
532 87 567 125 1
513 57 547 92 1
505 85 541 125 1
470 62 505 99 1
457 98 496 130 1
438 63 471 94 1
427 88 461 127 1
413 69 441 97 1
397 92 429 126 1
387 64 416 96 1
361 65 391 95 1
372 94 396 127 1
341 92 374 128 1
328 65 360 101 1
304 67 332 100 1
278 62 311 100 1
249 72 279 104 1
220 71 255 106 1
194 77 226 101 1
310 100 345 128 1
284 96 314 130 1
258 96 289 131 1
225 102 261 128 1
168 99 212 133 1
145 99 183 138 1
169 78 199 100 1
142 79 174 101 1
118 82 152 106 1
80 81 125 121 1
94 102 126 135 1
119 104 151 136 1
0 115 34 139 1
0 102 50 125 1
21 90 60 111 1
37 70 83 91 1
54 59 94 77 1
67 48 108 66 1
77 36 120 52 1
97 13 142 37 1
112 10 150 24 1
122 0 157 10 1
145 31 181 54 1
205 5 237 33 1
213 28 246 57 1
239 26 273 57 1
259 3 283 27 1
279 1 305 27 1
263 28 292 53 1
290 25 311 52 1
305 0 325 26 1
323 0 352 24 1
349 0 381 21 1
396 0 425 22 1
310 23 342 54 1
334 21 366 50 1
359 25 390 50 1
387 25 413 48 1
414 24 443 50 1
424 0 451 22 1
439 20 467 48 1
463 22 494 46 1
475 0 498 21 1
504 0 528 22 1
495 20 519 50 1
540 0 566 17 1
539 18 560 44 1
566 0 590 20 1
562 18 585 45 1
590 0 614 15 1
586 14 611 45 1
611 15 639 45 1
620 0 637 16 1
647 0 668 17 1
674 0 693 14 1
697 0 721 15 1
644 15 667 44 1
673 10 694 40 1
696 14 722 41 1
749 12 776 40 1
805 3 831 36 1
836 6 861 40 1
921 0 947 36 1
950 0 976 36 1
979 0 1006 38 1
1035 0 1063 31 1
1065 0 1093 28 1
749 0 772 15 1
778 0 803 16 1
