374 571 472 613 1
480 655 532 719 1
549 654 602 719 1
1033 495 1090 579 1
1107 508 1202 552 1
1128 559 1224 602 1
911 490 955 571 1
735 490 783 562 1
627 485 672 574 1
149 486 209 556 1
45 485 110 562 1
0 492 60 561 1
1192 285 1241 350 1
1218 348 1263 402 1
1240 401 1279 457 1
1099 421 1149 491 1
1052 417 1102 488 1
1009 425 1053 489 1
965 421 1009 490 1
915 422 958 487 1
867 416 907 489 1
817 421 857 489 1
767 422 804 485 1
719 408 758 482 1
677 416 714 484 1
632 407 669 478 1
583 419 623 483 1
541 417 583 483 1
497 421 541 483 1
450 414 495 480 1
405 419 453 478 1
362 416 409 476 1
380 388 449 417 1
484 364 555 403 1
294 421 345 480 1
251 417 302 480 1
210 417 265 474 1
166 420 220 474 1
126 411 179 478 1
92 411 140 473 1
46 408 107 476 1
2 411 71 471 1
0 408 33 466 1
1069 305 1110 362 1
1056 266 1100 308 1
1017 262 1061 306 1
1022 307 1061 362 1
971 261 1007 303 1
980 302 1020 362 1
930 261 965 303 1
938 306 976 359 1
891 263 925 303 1
893 303 929 362 1
846 251 880 304 1
852 301 888 362 1
810 263 839 308 1
808 306 844 361 1
768 261 800 306 1
768 304 804 363 1
728 306 760 362 1
686 304 719 362 1
646 305 680 363 1
608 306 640 358 1
570 309 604 361 1
532 308 564 364 1
494 304 530 360 1
450 308 492 367 1
412 312 450 362 1
357 309 401 360 1
313 306 361 359 1
277 307 322 361 1
237 309 281 360 1
201 306 246 362 1
165 308 208 361 1
130 311 177 357 1
97 304 142 359 1
62 308 102 358 1
24 311 75 359 1
0 312 45 355 1
730 262 762 301 1
692 262 727 304 1
652 269 687 304 1
618 264 648 307 1
579 268 613 307 1
546 269 580 308 1
509 271 548 311 1
469 267 507 308 1
426 267 468 313 1
376 262 418 311 1
336 262 382 307 1
300 268 340 310 1
261 270 308 309 1
226 270 268 306 1
198 268 232 308 1
160 262 210 309 1
124 270 166 306 1
86 266 140 312 1
48 271 98 313 1
22 270 73 315 1
0 266 45 309 1
1031 178 1066 223 1
991 176 1024 225 1
1020 143 1052 178 1
981 141 1017 179 1
944 138 971 184 1
957 182 987 223 1
915 146 939 180 1
917 182 952 228 1
882 146 911 178 1
882 174 915 223 1
845 136 879 176 1
850 178 881 223 1
813 141 840 179 1
812 172 842 224 1
774 146 804 182 1
771 183 803 225 1
738 147 765 180 1
735 180 766 229 1
708 143 734 180 1
703 182 735 227 1
674 146 702 183 1
669 179 698 226 1
638 143 671 184 1
632 183 666 229 1
605 152 636 185 1
598 189 629 223 1
573 146 609 185 1
562 182 596 231 1
541 153 576 185 1
531 183 566 230 1
510 153 545 184 1
497 186 530 231 1
477 151 517 186 1
460 182 501 233 1
426 152 464 190 1
414 188 452 233 1
394 152 430 185 1
378 188 417 234 1
364 157 401 185 1
346 189 383 230 1
330 157 365 185 1
310 189 349 233 1
297 150 337 185 1
276 186 318 232 1
247 185 288 230 1
215 187 259 230 1
182 190 224 230 1
152 189 193 230 1
124 197 159 225 1
95 190 136 233 1
63 192 102 233 1
32 193 73 235 1
3 191 47 234 1
37 164 79 196 1
64 163 105 195 1
93 164 133 189 1
118 161 157 190 1
149 160 193 188 1
178 161 214 187 1
208 158 241 187 1
236 156 277 186 1
269 156 304 184 1
1034 73 1069 112 1
1024 43 1055 75 1
995 42 1024 77 1
1002 75 1035 117 1
962 82 998 113 1
959 53 988 82 1
924 51 953 80 1
934 81 967 118 1
904 84 935 117 1
869 82 899 118 1
866 55 896 83 1
898 57 922 86 1
836 56 866 84 1
836 86 864 122 1
806 57 836 84 1
806 82 837 117 1
777 51 802 84 1
777 84 803 121 1
744 56 773 85 1
745 83 770 124 1
716 58 743 81 1
714 81 742 121 1
686 60 713 85 1
682 84 712 124 1
660 56 683 87 1
654 86 678 121 1
633 57 656 87 1
621 86 652 124 1
601 59 630 88 1
589 86 619 124 1
575 69 599 91 1
563 85 593 125 1
542 63 573 92 1
533 91 560 131 1
510 63 542 89 1
500 89 531 128 1
473 67 500 92 1
460 89 493 128 1
443 66 472 87 1
427 86 463 128 1
413 67 442 89 1
399 92 429 132 1
383 69 414 90 1
370 88 402 126 1
358 69 388 93 1
326 71 363 94 1
340 90 373 130 1
310 93 344 126 1
305 72 333 92 1
272 72 309 94 1
281 93 315 127 1
256 92 291 128 1
226 96 262 130 1
203 94 238 129 1
177 102 208 133 1
145 98 180 136 1
121 102 155 136 1
92 105 128 137 1
249 76 277 94 1
224 72 254 98 1
200 74 227 95 1
172 79 201 100 1
144 80 176 99 1
120 83 149 102 1
71 71 105 101 1
0 116 29 139 1
2 103 46 124 1
20 93 59 109 1
29 78 72 97 1
43 67 81 78 1
47 55 95 72 1
74 37 113 58 1
83 29 123 45 1
92 15 138 33 1
112 3 149 24 1
122 0 163 13 1
168 33 199 60 1
192 29 222 56 1
217 28 241 55 1
240 26 269 53 1
263 25 292 52 1
287 24 313 51 1
308 26 336 54 1
336 22 366 49 1
362 23 388 51 1
388 22 414 50 1
417 24 441 49 1
439 19 468 51 1
468 20 496 49 1
495 17 523 42 1
502 40 545 60 1
536 18 559 45 1
561 17 588 46 1
589 13 613 44 1
617 16 639 44 1
644 11 668 43 1
666 9 691 43 1
697 6 719 41 1
728 13 749 41 1
753 10 774 40 1
779 6 801 36 1
807 4 829 36 1
841 1 860 35 1
865 3 891 34 1
893 1 917 33 1
921 1 945 33 1
950 2 969 32 1
976 4 1000 31 1
1006 2 1035 33 1
1038 3 1062 31 1
1068 2 1092 31 1
183 9 215 32 1
205 11 233 27 1
229 11 260 28 1
252 8 280 28 1
276 5 303 23 1
306 5 331 21 1
330 0 353 21 1
351 2 376 19 1
375 0 403 18 1
399 0 425 21 1
422 0 448 20 1
451 0 474 20 1
473 0 501 18 1
503 0 529 17 1
539 0 563 18 1
570 0 595 13 1
619 0 642 14 1
811 647 860 719 1
677 655 715 716 1
183 648 236 703 1
127 631 177 701 1
1094 0 1124 25 1
1161 229 1203 275 1
1147 187 1189 224 1
1134 155 1164 192 1
