772 303 809 364 1
941 142 982 190 1
1095 228 1166 273 1
1214 443 1279 517 1
273 304 325 358 1
229 311 278 367 1
124 308 179 362 1
86 317 132 365 1
48 267 99 312 1
178 152 221 196 1
118 157 163 198 1
88 148 135 197 1
56 197 103 238 1
2 191 49 237 1
16 81 75 104 1
38 72 87 87 1
49 56 93 75 1
74 34 119 57 1
104 8 150 26 1
118 0 169 6 1
182 12 218 37 1
165 33 197 61 1
190 33 224 59 1
238 28 270 56 1
254 5 290 29 1
302 0 335 27 1
352 0 380 27 1
365 22 392 52 1
300 73 331 101 1
143 76 178 112 1
117 79 151 109 1
97 104 133 136 1
324 65 365 104 1
385 70 422 102 1
441 21 469 51 1
497 0 530 23 1
531 20 562 49 1
514 62 546 99 1
612 15 639 47 1
638 4 666 45 1
698 13 721 45 1
917 4 945 36 1
