359 645 423 719 1
428 653 482 719 1
940 640 980 719 1
1124 548 1208 596 1
1181 662 1272 719 1
247 641 297 717 1
1198 314 1241 362 1
1106 424 1154 492 1
1050 424 1100 487 1
950 422 998 486 1
904 489 950 556 1
853 493 894 561 1
737 489 784 560 1
630 490 670 562 1
578 490 624 564 1
521 563 521 563 1
521 484 570 563 1
469 489 518 565 1
354 498 407 562 1
302 491 363 564 1
200 493 258 554 1
147 493 202 559 1
101 493 158 555 1
48 492 105 550 1
1 486 69 557 1
69 486 69 486 1
810 421 853 483 1
677 417 712 483 1
583 414 624 486 1
537 420 583 479 1
496 419 539 477 1
451 416 495 481 1
408 418 455 477 1
364 416 412 478 1
255 415 308 480 1
208 418 257 480 1
162 419 218 480 1
126 418 176 471 1
85 419 141 473 1
48 407 106 476 1
10 414 67 471 1
1059 264 1102 318 1
1011 262 1050 309 1
941 307 972 359 1
894 303 928 360 1
850 261 880 307 1
850 305 883 361 1
808 303 841 358 1
691 257 725 307 1
690 358 690 358 1
690 305 721 358 1
647 305 683 358 1
613 259 647 313 1
567 304 607 361 1
522 306 567 364 1
491 304 531 360 1
450 312 494 359 1
466 269 503 309 1
425 271 464 312 1
411 309 454 363 1
375 267 412 312 1
353 312 391 357 1
336 269 378 310 1
311 310 355 362 1
298 270 338 309 1
277 309 319 359 1
260 269 306 306 1
239 309 285 360 1
203 306 250 357 1
229 270 272 307 1
192 269 237 308 1
157 270 204 314 1
161 309 215 362 1
91 306 142 360 1
122 269 170 309 1
89 271 139 315 1
55 268 108 311 1
27 270 74 312 1
0 269 41 313 1
25 307 81 359 1
41 309 41 309 1
0 309 41 360 1
0 408 28 458 1
1026 180 1068 223 1
950 181 987 220 1
908 145 941 183 1
878 173 908 223 1
770 143 804 189 1
738 178 766 225 1
638 147 670 187 1
595 182 631 229 1
573 153 605 193 1
538 149 576 190 1
530 187 567 230 1
473 152 510 189 1
466 186 501 229 1
425 153 463 188 1
408 186 445 232 1
362 153 400 190 1
342 133 399 161 1
380 188 414 229 1
345 188 382 230 1
311 187 350 230 1
299 157 338 185 1
263 155 306 190 1
279 189 317 231 1
249 191 287 231 1
234 156 277 191 1
209 160 248 192 1
216 189 258 231 1
189 191 226 231 1
183 159 219 191 1
150 157 194 196 1
127 161 163 194 1
96 157 137 195 1
66 164 104 196 1
32 169 72 195 1
157 190 197 230 1
126 196 165 232 1
95 194 139 232 1
63 195 107 234 1
38 197 74 236 1
4 196 50 233 1
711 83 741 122 1
649 85 679 124 1
858 35 908 59 1
894 54 926 89 1
840 57 872 88 1
805 57 834 88 1
775 59 803 89 1
744 58 772 91 1
698 29 751 60 1
718 61 743 86 1
687 61 716 93 1
660 57 688 87 1
626 64 656 94 1
596 63 628 100 1
568 66 600 99 1
539 68 571 96 1
529 92 557 128 1
508 70 541 98 1
497 99 531 131 1
455 92 490 130 1
472 71 502 95 1
437 69 472 99 1
412 70 445 99 1
386 74 415 94 1
357 73 387 95 1
325 74 360 96 1
302 66 334 95 1
274 75 305 98 1
248 74 283 99 1
223 74 255 97 1
196 76 228 105 1
171 76 201 103 1
141 108 141 108 1
141 80 177 108 1
117 79 149 105 1
94 104 130 139 1
119 109 159 138 1
156 100 198 136 1
236 93 236 93 1
204 93 236 130 1
259 98 259 98 1
227 98 259 129 1
291 101 291 101 1
255 101 291 133 1
287 93 317 128 1
313 96 347 128 1
343 93 378 124 1
370 93 405 128 1
398 98 430 126 1
1035 3 1067 34 1
944 3 973 33 1
917 3 944 36 1
889 4 916 33 1
862 4 888 35 1
832 6 858 38 1
807 7 830 36 1
779 9 805 37 1
751 13 776 41 1
726 11 749 32 1
698 12 722 36 1
664 13 695 44 1
639 10 667 44 1
613 11 640 45 1
585 15 614 46 1
560 19 582 50 1
532 20 555 48 1
493 19 520 50 1
465 23 494 54 1
436 21 468 50 1
413 20 441 53 1
389 18 418 50 1
362 15 391 50 1
337 23 368 51 1
312 23 344 54 1
286 24 317 55 1
263 25 295 55 1
241 29 270 54 1
213 27 246 58 1
190 31 220 61 1
164 30 193 60 1
185 12 210 35 1
209 10 235 32 1
232 7 264 28 1
257 8 285 28 1
279 7 305 25 1
303 3 333 23 1
327 3 356 22 1
355 22 355 22 1
355 3 381 21 1
376 0 407 19 1
401 2 430 20 1
423 1 453 17 1
450 0 477 19 1
472 0 504 19 1
500 0 531 18 1
0 112 36 135 1
0 104 45 128 1
12 90 62 116 1
27 79 78 102 1
47 71 90 86 1
54 58 95 76 1
68 48 111 65 1
78 37 120 54 1
86 26 128 46 1
97 18 140 34 1
108 7 148 24 1
117 0 157 16 1
541 0 568 18 1
0 129 26 153 1
6 658 55 718 1
675 649 716 715 1
