882 657 919 719 1
674 655 722 719 1
614 659 661 719 1
550 649 597 719 1
480 659 531 719 1
294 642 356 718 1
237 626 303 706 1
174 641 236 705 1
119 637 171 705 1
56 645 126 707 1
360 497 408 556 1
301 487 361 566 1
199 482 256 555 1
148 486 206 555 1
1 484 69 557 1
574 496 619 563 1
628 492 670 565 1
739 490 777 562 1
910 490 955 562 1
970 494 1020 565 1
1033 497 1086 569 1
1101 507 1200 552 1
1122 555 1226 593 1
1138 591 1239 637 1
1170 644 1264 706 1
1238 405 1279 473 1
1196 301 1245 358 1
1164 233 1210 278 1
1026 180 1074 223 1
1065 311 1112 365 1
1017 309 1062 353 1
971 302 1018 363 1
930 305 969 357 1
888 262 928 311 1
893 311 931 359 1
851 259 887 309 1
851 307 889 357 1
813 307 846 359 1
776 305 802 357 1
773 270 807 305 1
733 263 767 309 1
733 302 762 356 1
695 264 729 303 1
690 307 722 356 1
647 308 683 355 1
652 260 688 309 1
605 304 642 358 1
574 268 609 309 1
565 304 604 359 1
539 258 578 307 1
530 306 569 357 1
490 302 532 360 1
470 265 510 310 1
452 306 489 358 1
411 302 450 355 1
376 267 420 315 1
355 306 404 357 1
336 261 379 309 1
318 305 360 356 1
274 308 327 360 1
237 318 277 358 1
203 308 248 358 1
163 306 211 358 1
133 309 174 354 1
97 306 145 355 1
59 306 112 359 1
29 308 76 355 1
0 308 46 353 1
262 264 306 311 1
226 263 272 305 1
161 268 207 313 1
124 269 175 306 1
92 269 137 309 1
58 269 109 309 1
24 272 78 312 1
0 264 49 307 1
1097 429 1154 487 1
1049 420 1101 485 1
1001 417 1049 491 1
953 421 999 490 1
910 419 955 486 1
861 421 902 488 1
816 419 856 484 1
769 414 807 482 1
721 421 757 480 1
674 419 714 483 1
627 414 665 482 1
583 419 622 484 1
543 416 579 479 1
496 416 541 477 1
453 410 501 480 1
404 421 451 479 1
361 415 408 477 1
302 415 350 477 1
255 418 303 477 1
208 415 268 474 1
173 412 218 476 1
135 412 178 474 1
91 412 148 473 1
58 409 110 474 1
20 411 67 467 1
0 408 29 469 1
994 174 1025 227 1
952 173 989 222 1
914 182 948 218 1
746 204 782 244 1
742 147 770 186 1
700 180 736 225 1
632 180 668 226 1
610 143 642 184 1
533 185 568 227 1
496 187 536 233 1
473 154 512 190 1
414 182 451 228 1
376 188 416 232 1
343 189 381 231 1
309 188 355 230 1
212 191 254 234 1
180 190 225 235 1
207 158 249 190 1
155 190 191 231 1
118 190 166 235 1
95 187 137 232 1
65 198 109 233 1
37 197 76 229 1
7 197 48 230 1
33 161 80 194 1
63 164 105 198 1
964 77 1001 116 1
903 75 933 116 1
947 0 976 32 1
892 6 921 33 1
638 9 663 42 1
436 19 471 53 1
511 69 544 98 1
500 97 534 129 1
476 68 504 95 1
459 91 497 125 1
671 0 700 20 1
916 0 940 10 1
353 73 391 100 1
276 72 311 101 1
251 73 280 103 1
206 95 240 130 1
197 77 233 105 1
174 73 205 106 1
143 77 179 110 1
117 79 153 112 1
96 102 126 134 1
122 106 154 133 1
154 99 190 133 1
365 20 397 52 1
340 20 363 50 1
313 24 342 53 1
286 21 318 56 1
238 23 271 56 1
218 30 244 54 1
191 27 222 61 1
165 32 197 61 1
185 13 215 36 1
212 8 240 31 1
232 7 258 29 1
256 7 287 30 1
303 6 330 24 1
328 3 355 25 1
351 2 379 24 1
377 1 408 23 1
119 0 158 14 1
105 4 148 23 1
95 19 140 35 1
64 30 121 59 1
38 68 84 91 1
3 100 50 123 1
0 112 38 137 1
776 82 803 120 1
808 80 837 119 1
777 55 803 85 1
1142 189 1190 232 1
1115 115 1156 158 1
