310 185 355 233 1
500 186 535 229 1
565 184 599 230 1
632 187 664 226 1
775 182 807 225 1
956 177 992 222 1
987 180 1027 219 1
226 267 280 310 1
426 269 471 310 1
503 264 546 306 1
614 263 655 307 1
648 264 688 307 1
689 260 727 309 1
728 264 766 307 1
885 254 931 307 1
966 255 1014 309 1
1051 258 1098 306 1
272 301 323 361 1
443 306 497 366 1
481 309 529 365 1
690 310 724 361 1
767 310 804 362 1
808 308 848 360 1
851 311 891 362 1
934 309 976 362 1
972 307 1022 360 1
1017 311 1062 360 1
127 413 185 473 1
211 417 268 474 1
254 416 307 472 1
295 421 349 475 1
362 420 412 471 1
405 416 457 472 1
446 416 508 477 1
492 418 545 475 1
535 420 588 478 1
580 419 626 477 1
625 418 672 481 1
669 419 717 475 1
856 422 909 482 1
903 421 957 480 1
952 418 1004 482 1
997 419 1054 485 1
141 501 211 563 1
188 500 264 564 1
295 499 363 562 1
518 504 581 563 1
576 505 629 567 1
624 507 683 570 1
283 645 346 719 1
362 644 418 716 1
480 654 530 719 1
674 652 720 719 1
940 664 1000 718 1
1169 653 1258 719 1
1108 506 1203 553 1
906 485 959 566 1
1215 363 1271 420 1
1192 313 1249 364 1
196 271 241 314 1
165 261 207 311 1
137 306 180 358 1
61 309 117 357 1
0 307 44 358 1
0 269 43 308 1
223 189 264 229 1
190 190 229 232 1
157 187 196 229 1
102 190 144 233 1
38 192 88 234 1
980 148 1018 180 1
944 145 981 179 1
805 145 839 186 1
647 152 677 190 1
607 149 638 192 1
428 149 468 195 1
272 156 313 196 1
243 157 275 195 1
125 160 169 196 1
100 156 135 197 1
67 162 100 193 1
998 77 1034 116 1
963 79 1001 114 1
957 52 994 83 1
927 53 961 90 1
865 81 899 120 1
717 59 744 89 1
715 83 745 124 1
686 83 713 124 1
629 65 658 96 1
543 63 576 100 1
457 94 491 131 1
384 73 416 99 1
374 88 407 129 1
359 68 389 103 1
330 66 364 100 1
313 91 346 129 1
304 68 337 100 1
281 65 311 97 1
284 95 322 131 1
261 91 296 130 1
223 75 262 103 1
201 77 231 102 1
231 95 267 131 1
206 100 238 130 1
179 96 212 134 1
126 99 167 137 1
120 79 158 112 1
1026 3 1063 31 1
944 1 976 35 1
918 2 947 35 1
885 7 914 34 1
805 2 833 38 1
776 3 801 39 1
749 3 776 43 1
589 15 617 47 1
570 13 593 46 1
442 16 473 50 1
416 14 443 51 1
329 2 361 26 1
346 22 346 22 1
315 22 346 51 1
244 24 275 57 1
171 29 206 60 1
621 0 645 20 1
646 0 672 22 1
1 101 49 127 1
21 92 63 110 1
33 79 76 100 1
42 65 87 85 1
63 50 109 69 1
79 35 121 56 1
95 17 141 37 1
110 5 152 24 1
113 0 147 11 1
60 411 120 475 1
18 413 76 470 1
0 405 36 471 1
