166 358 205 415 1
168 410 226 479 1
256 416 312 478 1
301 418 355 478 1
363 417 412 477 1
404 419 452 478 1
450 418 497 479 1
496 419 538 480 1
537 418 582 481 1
590 415 629 479 1
676 415 711 486 1
720 417 756 484 1
770 413 806 485 1
816 417 851 487 1
860 421 898 485 1
907 425 942 484 1
963 421 997 487 1
1010 428 1048 488 1
1051 422 1100 486 1
1098 425 1154 491 1
1023 374 1099 412 1
1118 544 1218 593 1
1126 589 1227 640 1
970 493 1025 568 1
904 490 950 564 1
932 640 983 714 1
740 492 783 560 1
628 495 669 565 1
531 493 570 557 1
680 650 728 711 1
553 646 598 710 1
373 642 418 709 1
298 640 350 708 1
121 636 181 709 1
146 484 209 558 1
200 485 260 556 1
58 413 113 473 1
19 411 71 473 1
0 407 36 463 1
1022 307 1072 367 1
1073 305 1111 363 1
1238 395 1277 461 1
1183 284 1233 335 1
1144 201 1193 247 1
1024 176 1067 223 1
1051 260 1092 308 1
1008 260 1052 308 1
927 257 963 306 1
977 306 1021 359 1
937 303 976 361 1
892 306 930 359 1
891 259 925 311 1
851 266 885 304 1
852 302 885 357 1
809 307 844 354 1
808 259 841 308 1
768 264 800 307 1
773 305 805 360 1
730 304 764 362 1
693 257 726 307 1
689 307 720 356 1
573 308 608 357 1
545 267 578 309 1
525 307 567 359 1
488 306 528 360 1
447 305 493 363 1
428 267 472 315 1
353 310 399 365 1
374 266 413 314 1
311 309 359 362 1
206 307 252 362 1
91 306 146 362 1
27 307 80 363 1
337 272 376 310 1
301 269 342 315 1
264 266 305 316 1
225 267 271 312 1
190 268 235 319 1
127 268 177 310 1
96 274 132 314 1
950 177 984 226 1
1025 144 1054 183 1
993 47 1021 90 1
948 140 978 185 1
910 141 939 187 1
879 174 911 227 1
841 143 869 183 1
808 175 837 227 1
778 147 806 186 1
773 176 803 225 1
734 179 769 224 1
699 173 733 229 1
668 183 697 227 1
670 145 699 188 1
639 148 668 192 1
608 192 608 192 1
608 145 635 192 1
598 232 598 232 1
598 183 629 232 1
576 154 605 194 1
538 150 577 195 1
508 155 543 194 1
464 189 500 231 1
406 185 450 232 1
377 185 417 234 1
343 185 383 234 1
310 188 351 234 1
282 192 319 233 1
247 187 286 233 1
92 197 141 235 1
71 194 107 232 1
35 193 79 238 1
7 193 48 233 1
209 152 247 193 1
240 155 271 196 1
271 153 305 192 1
304 149 335 193 1
93 101 131 142 1
126 102 153 136 1
147 98 188 138 1
256 98 297 134 1
315 93 343 133 1
340 93 369 132 1
368 93 405 126 1
426 92 457 132 1
458 89 489 131 1
620 87 650 128 1
682 84 712 123 1
715 86 741 123 1
743 82 770 122 1
778 78 803 127 1
838 79 867 123 1
934 83 964 117 1
833 55 861 89 1
802 56 831 93 1
744 55 772 91 1
544 67 576 102 1
509 69 540 98 1
436 70 466 96 1
409 70 443 105 1
360 69 389 102 1
245 73 286 105 1
178 75 211 104 1
147 80 181 109 1
118 80 157 111 1
3 114 37 139 1
9 100 47 120 1
18 90 62 111 1
28 80 74 99 1
40 65 90 85 1
66 54 95 74 1
76 33 123 54 1
119 1 160 19 1
192 29 224 61 1
237 27 271 57 1
264 25 295 57 1
231 3 264 37 1
254 5 286 33 1
398 1 430 30 1
413 24 444 56 1
448 1 475 26 1
476 1 501 27 1
561 16 585 50 1
590 0 617 24 1
637 19 665 50 1
724 7 750 45 1
780 10 804 44 1
807 3 832 40 1
858 5 888 42 1
1029 3 1060 37 1
644 0 674 17 1
1253 488 1279 543 1
124 162 168 195 1
96 162 135 194 1
