375 184 421 232 1
409 187 452 232 1
461 184 503 230 1
500 186 535 229 1
534 186 567 232 1
665 186 699 227 1
702 184 734 222 1
735 182 772 225 1
807 183 842 222 1
987 180 1027 219 1
1022 175 1068 220 1
259 265 312 310 1
295 266 344 312 1
335 268 386 310 1
377 268 424 312 1
426 269 471 310 1
458 267 503 311 1
503 264 546 306 1
573 263 618 308 1
614 263 655 307 1
763 260 807 306 1
849 257 889 310 1
928 257 969 307 1
1011 256 1054 307 1
1051 258 1098 306 1
202 304 249 361 1
234 305 291 363 1
272 301 323 361 1
307 308 359 365 1
349 306 396 364 1
410 307 449 368 1
443 306 497 366 1
481 309 529 365 1
523 304 571 364 1
565 310 604 364 1
606 310 648 364 1
643 312 685 363 1
690 310 724 361 1
725 311 766 362 1
767 310 804 362 1
808 308 848 360 1
851 311 891 362 1
888 311 934 359 1
934 309 976 362 1
972 307 1022 360 1
1017 311 1062 360 1
1059 304 1113 358 1
165 417 223 473 1
211 417 268 474 1
254 416 307 472 1
295 421 349 475 1
362 420 412 471 1
405 416 457 472 1
446 416 508 477 1
492 418 545 475 1
535 420 588 478 1
580 419 626 477 1
625 418 672 481 1
669 419 717 475 1
718 417 764 479 1
763 417 809 476 1
811 421 858 480 1
856 422 909 482 1
903 421 957 480 1
952 418 1004 482 1
997 419 1054 485 1
1045 417 1098 481 1
1089 416 1151 479 1
42 501 110 555 1
87 500 158 561 1
141 501 211 563 1
188 500 264 564 1
246 497 315 564 1
295 499 363 562 1
624 507 683 570 1
0 491 60 557 1
295 649 353 719 1
243 631 295 704 1
176 642 228 712 1
117 647 166 718 1
363 647 418 719 1
551 648 600 719 1
672 651 719 719 1
876 663 920 719 1
1178 661 1271 719 1
1140 610 1234 654 1
1123 556 1242 599 1
1112 513 1207 549 1
1036 495 1087 573 1
970 495 1023 569 1
906 490 953 563 1
740 488 781 562 1
688 496 725 562 1
1227 392 1279 459 1
1178 269 1222 319 1
90 412 151 476 1
54 409 110 476 1
0 410 34 470 1
0 311 44 358 1
0 272 47 313 1
28 305 82 356 1
123 269 174 311 1
95 304 144 356 1
131 305 175 358 1
162 304 211 359 1
196 264 242 309 1
946 137 982 186 1
739 145 769 183 1
672 144 701 187 1
604 142 642 188 1
512 150 545 190 1
472 151 507 189 1
431 150 464 192 1
273 156 312 191 1
239 156 277 189 1
206 187 259 233 1
177 152 223 193 1
116 158 165 199 1
93 196 135 236 1
65 187 107 231 1
64 161 110 196 1
32 162 77 196 1
35 190 81 234 1
4 194 44 235 1
0 113 37 137 1
35 69 89 92 1
54 56 100 75 1
82 22 128 48 1
116 0 154 19 1
94 104 136 138 1
125 101 163 137 1
227 95 266 129 1
169 76 205 110 1
144 80 179 104 1
122 81 152 109 1
275 74 307 102 1
303 69 338 101 1
339 91 376 128 1
373 96 404 131 1
386 65 419 98 1
416 63 446 100 1
460 88 494 127 1
502 91 533 128 1
511 63 542 94 1
545 65 574 98 1
895 47 926 88 1
989 48 1020 85 1
857 0 888 36 1
803 6 831 37 1
667 10 695 44 1
588 13 615 44 1
531 17 559 48 1
541 0 564 18 1
491 21 519 48 1
363 20 395 49 1
334 24 364 51 1
326 4 358 30 1
285 24 322 54 1
276 8 308 31 1
259 6 284 31 1
235 26 270 57 1
217 30 249 55 1
193 31 224 58 1
160 33 199 61 1
184 12 217 35 1
701 0 726 17 1
773 0 803 13 1
913 0 942 14 1
0 132 20 156 1
1140 172 1184 225 1
