409 187 452 232 1
461 184 503 230 1
500 186 535 229 1
598 186 634 230 1
632 187 664 226 1
735 182 772 225 1
844 183 879 222 1
917 182 956 222 1
956 177 992 222 1
987 180 1027 219 1
1022 175 1068 220 1
335 268 386 310 1
377 268 424 312 1
426 269 471 310 1
458 267 503 311 1
503 264 546 306 1
537 266 580 307 1
614 263 655 307 1
689 260 727 309 1
763 260 807 306 1
809 254 848 306 1
849 257 889 310 1
885 254 931 307 1
966 255 1014 309 1
1051 258 1098 306 1
234 305 291 363 1
307 308 359 365 1
349 306 396 364 1
410 307 449 368 1
443 306 497 366 1
523 304 571 364 1
565 310 604 364 1
606 310 648 364 1
643 312 685 363 1
690 310 724 361 1
725 311 766 362 1
767 310 804 362 1
808 308 848 360 1
851 311 891 362 1
888 311 934 359 1
934 309 976 362 1
972 307 1022 360 1
1017 311 1062 360 1
1059 304 1113 358 1
127 413 185 473 1
211 417 268 474 1
254 416 307 472 1
295 421 349 475 1
362 420 412 471 1
405 416 457 472 1
446 416 508 477 1
492 418 545 475 1
535 420 588 478 1
580 419 626 477 1
625 418 672 481 1
669 419 717 475 1
718 417 764 479 1
763 417 809 476 1
811 421 858 480 1
856 422 909 482 1
903 421 957 480 1
952 418 1004 482 1
997 419 1054 485 1
1045 417 1098 481 1
1089 416 1151 479 1
42 501 110 555 1
141 501 211 563 1
246 497 315 564 1
295 499 363 562 1
351 501 418 558 1
576 505 629 567 1
624 507 683 570 1
91 414 149 472 1
51 405 109 472 1
11 411 68 475 1
0 410 26 470 1
292 648 359 719 1
367 647 421 719 1
421 646 477 719 1
874 660 915 719 1
935 638 981 719 1
1113 503 1197 548 1
1122 549 1215 592 1
1144 598 1229 649 1
1183 662 1270 719 1
1242 398 1279 475 1
1195 307 1242 361 1
1174 258 1221 310 1
904 489 948 557 1
162 303 221 362 1
125 307 174 362 1
61 304 115 360 1
24 309 77 358 1
0 307 41 361 1
128 189 172 234 1
218 185 263 232 1
100 189 139 232 1
65 162 105 195 1
37 190 87 232 1
3 191 50 234 1
739 488 785 564 1
124 160 166 193 1
473 152 511 186 1
573 150 606 193 1
808 145 842 186 1
873 142 907 182 1
908 143 942 181 1
968 76 1002 121 1
899 79 930 120 1
896 49 929 82 1
862 52 892 92 1
777 81 806 123 1
744 60 775 90 1
890 0 916 36 1
804 2 832 39 1
719 5 750 43 1
612 14 642 49 1
531 16 561 49 1
495 0 526 28 1
411 15 444 52 1
468 67 503 101 1
500 89 532 130 1
423 94 462 128 1
310 91 349 131 1
333 68 365 97 1
284 85 320 131 1
230 94 268 134 1
224 69 261 100 1
197 72 231 105 1
201 91 240 134 1
171 72 204 108 1
119 77 156 106 1
97 97 137 140 1
237 25 273 56 1
211 19 246 56 1
204 7 237 36 1
184 10 213 31 1
167 29 198 58 1
115 0 159 18 1
38 69 90 92 1
52 52 96 72 1
0 114 36 137 1
675 655 721 719 1
326 0 359 27 1
354 0 379 27 1
0 128 30 153 1
