278 185 324 230 1
310 185 355 233 1
345 185 388 233 1
375 184 421 232 1
409 187 452 232 1
461 184 503 230 1
500 186 535 229 1
534 186 567 232 1
565 184 599 230 1
598 186 634 230 1
632 187 664 226 1
665 186 699 227 1
702 184 734 222 1
735 182 772 225 1
775 182 807 225 1
807 183 842 222 1
844 183 879 222 1
880 182 915 219 1
917 182 956 222 1
956 177 992 222 1
987 180 1027 219 1
1022 175 1068 220 1
226 267 280 310 1
259 265 312 310 1
295 266 344 312 1
335 268 386 310 1
377 268 424 312 1
426 269 471 310 1
458 267 503 311 1
503 264 546 306 1
537 266 580 307 1
573 263 618 308 1
614 263 655 307 1
648 264 688 307 1
689 260 727 309 1
728 264 766 307 1
763 260 807 306 1
809 254 848 306 1
849 257 889 310 1
885 254 931 307 1
928 257 969 307 1
966 255 1014 309 1
1011 256 1054 307 1
1051 258 1098 306 1
202 304 249 361 1
234 305 291 363 1
272 301 323 361 1
307 308 359 365 1
349 306 396 364 1
410 307 449 368 1
443 306 497 366 1
481 309 529 365 1
523 304 571 364 1
565 310 604 364 1
606 310 648 364 1
643 312 685 363 1
690 310 724 361 1
725 311 766 362 1
767 310 804 362 1
808 308 848 360 1
851 311 891 362 1
888 311 934 359 1
934 309 976 362 1
972 307 1022 360 1
1017 311 1062 360 1
1059 304 1113 358 1
127 413 185 473 1
165 417 223 473 1
211 417 268 474 1
254 416 307 472 1
295 421 349 475 1
362 420 412 471 1
405 416 457 472 1
446 416 508 477 1
492 418 545 475 1
535 420 588 478 1
580 419 626 477 1
625 418 672 481 1
669 419 717 475 1
718 417 764 479 1
763 417 809 476 1
811 421 858 480 1
856 422 909 482 1
903 421 957 480 1
952 418 1004 482 1
997 419 1054 485 1
1045 417 1098 481 1
1089 416 1151 479 1
87 500 158 561 1
141 501 211 563 1
188 500 264 564 1
289 645 353 717 1
551 649 599 718 1
875 652 924 719 1
1154 647 1258 705 1
1138 592 1239 638 1
1121 544 1215 590 1
1113 501 1195 547 1
1237 407 1279 480 1
1212 336 1259 396 1
1183 281 1232 334 1
1148 199 1194 247 1
967 492 1022 568 1
811 364 890 407 1
901 486 951 564 1
794 488 835 567 1
739 486 782 565 1
89 399 161 477 1
58 406 112 471 1
18 397 81 472 1
0 406 36 470 1
166 305 215 363 1
135 304 180 357 1
96 301 145 361 1
64 302 111 359 1
30 304 78 356 1
0 304 45 359 1
190 264 242 311 1
160 264 210 307 1
132 264 174 307 1
91 269 139 308 1
61 259 115 308 1
28 270 73 310 1
0 271 40 307 1
251 186 289 229 1
216 180 259 228 1
189 185 225 233 1
158 190 193 231 1
125 188 165 231 1
91 193 135 235 1
72 191 108 230 1
33 190 82 236 1
9 190 52 236 1
42 161 81 192 1
69 155 111 193 1
99 158 139 194 1
127 156 165 190 1
153 155 197 192 1
180 157 217 191 1
210 156 248 185 1
241 153 276 186 1
270 147 312 188 1
301 152 335 189 1
333 146 369 187 1
367 147 399 188 1
398 150 428 189 1
425 151 464 184 1
476 145 513 190 1
511 149 547 184 1
543 144 581 186 1
581 148 605 184 1
606 143 632 184 1
637 143 668 183 1
676 138 699 187 1
705 142 732 178 1
739 144 770 176 1
775 144 808 179 1
809 138 840 178 1
840 130 872 179 1
872 133 905 179 1
907 139 944 179 1
943 138 977 179 1
985 139 1017 173 1
1016 139 1054 175 1
999 77 1030 118 1
992 45 1020 78 1
958 51 986 77 1
964 79 998 116 1
926 39 957 83 1
931 79 962 115 1
893 49 925 81 1
893 79 928 118 1
863 51 890 86 1
830 52 861 81 1
837 79 867 117 1
809 54 831 84 1
808 82 837 120 1
774 57 804 83 1
775 79 804 121 1
747 54 773 82 1
741 79 772 119 1
712 54 742 89 1
715 83 740 119 1
687 53 711 86 1
682 82 712 122 1
659 59 683 86 1
655 81 681 124 1
625 60 658 87 1
625 86 652 125 1
600 57 629 91 1
596 89 626 124 1
571 57 601 93 1
565 88 595 123 1
541 62 568 89 1
534 87 565 127 1
517 65 543 89 1
503 83 533 124 1
472 63 506 93 1
458 86 487 125 1
439 66 468 94 1
410 65 447 94 1
385 67 418 94 1
362 62 389 97 1
334 70 363 94 1
306 67 336 95 1
276 77 311 101 1
250 69 286 98 1
219 72 259 103 1
199 74 233 104 1
177 74 209 105 1
145 76 186 106 1
120 76 153 108 1
95 101 136 136 1
126 100 163 131 1
152 99 185 129 1
178 97 212 132 1
204 98 238 127 1
232 92 268 127 1
257 95 294 125 1
287 92 320 125 1
314 89 355 124 1
344 89 375 126 1
368 88 401 127 1
396 91 438 124 1
425 89 460 127 1
21 119 63 150 1
0 115 30 135 1
4 104 43 119 1
17 92 62 110 1
26 80 76 101 1
40 66 89 86 1
60 58 101 73 1
62 46 111 66 1
78 33 122 50 1
94 24 132 40 1
100 15 139 34 1
114 5 148 23 1
122 0 160 14 1
167 28 200 54 1
189 28 224 57 1
212 29 245 59 1
241 26 272 55 1
266 26 292 52 1
286 23 312 52 1
311 20 345 53 1
341 19 369 49 1
363 16 391 47 1
389 20 418 52 1
410 21 444 47 1
443 19 466 49 1
468 14 492 51 1
494 19 523 48 1
529 18 556 51 1
560 15 583 46 1
584 17 613 48 1
613 19 641 46 1
640 11 665 41 1
660 11 690 43 1
695 5 718 38 1
723 2 748 36 1
747 5 775 39 1
780 0 803 41 1
804 0 830 40 1
834 0 855 37 1
861 0 887 35 1
891 0 919 37 1
914 0 944 32 1
942 0 974 32 1
976 0 1002 33 1
1001 0 1033 35 1
1033 0 1061 33 1
1062 0 1097 34 1
189 4 222 31 1
216 9 245 30 1
239 8 265 29 1
260 4 287 25 1
281 4 308 26 1
306 4 332 24 1
326 0 357 23 1
357 0 379 18 1
381 2 404 17 1
403 0 432 24 1
427 0 453 17 1
449 0 479 20 1
477 0 501 19 1
502 0 527 19 1
534 0 562 14 1
565 0 593 15 1
592 0 617 16 1
615 0 643 15 1
1127 156 1171 196 1
1089 0 1120 27 1
