278 185 324 230 1
310 185 355 233 1
345 185 388 233 1
375 184 421 232 1
409 187 452 232 1
461 184 503 230 1
500 186 535 229 1
534 186 567 232 1
565 184 599 230 1
598 186 634 230 1
632 187 664 226 1
665 186 699 227 1
702 184 734 222 1
775 182 807 225 1
844 183 879 222 1
226 267 280 310 1
259 265 312 310 1
295 266 344 312 1
335 268 386 310 1
377 268 424 312 1
426 269 471 310 1
458 267 503 311 1
503 264 546 306 1
537 266 580 307 1
573 263 618 308 1
614 263 655 307 1
648 264 688 307 1
689 260 727 309 1
202 304 249 361 1
234 305 291 363 1
272 301 323 361 1
307 308 359 365 1
349 306 396 364 1
410 307 449 368 1
443 306 497 366 1
481 309 529 365 1
523 304 571 364 1
565 310 604 364 1
606 310 648 364 1
690 310 724 361 1
725 311 766 362 1
808 308 848 360 1
972 307 1022 360 1
1059 304 1113 358 1
127 413 185 473 1
165 417 223 473 1
211 417 268 474 1
254 416 307 472 1
295 421 349 475 1
362 420 412 471 1
405 416 457 472 1
446 416 508 477 1
492 418 545 475 1
535 420 588 478 1
580 419 626 477 1
625 418 672 481 1
669 419 717 475 1
718 417 764 479 1
763 417 809 476 1
856 422 909 482 1
295 499 363 562 1
351 501 418 558 1
624 507 683 570 1
590 352 671 389 1
788 376 844 435 1
1108 508 1202 552 1
1117 559 1223 599 1
1134 601 1231 648 1
241 631 305 706 1
177 639 229 709 1
92 406 150 476 1
63 406 114 465 1
11 409 71 472 1
0 409 25 465 1
172 306 212 359 1
131 307 175 361 1
94 298 141 362 1
61 302 106 360 1
27 308 66 360 1
0 302 39 359 1
196 268 238 312 1
160 269 204 309 1
125 264 172 308 1
97 271 141 307 1
62 265 108 311 1
32 263 76 307 1
0 267 47 310 1
254 188 293 231 1
221 188 253 229 1
189 188 227 231 1
157 187 198 230 1
128 183 168 230 1
95 188 141 234 1
70 190 107 234 1
37 192 80 234 1
4 194 50 235 1
676 142 706 185 1
637 148 673 189 1
575 146 607 189 1
539 149 578 187 1
509 150 544 187 1
475 150 511 188 1
428 147 465 189 1
396 143 431 187 1
362 145 398 187 1
328 152 366 189 1
299 155 336 187 1
269 150 306 187 1
241 158 276 188 1
208 157 250 188 1
182 152 220 191 1
156 152 192 191 1
123 157 161 188 1
93 159 133 191 1
64 160 105 193 1
32 165 75 196 1
0 117 36 137 1
6 103 47 124 1
19 93 63 115 1
26 80 75 98 1
40 67 91 85 1
56 59 98 77 1
64 43 110 65 1
79 34 122 51 1
91 24 132 44 1
100 17 139 34 1
108 9 151 23 1
117 0 157 17 1
94 103 133 134 1
123 102 160 133 1
150 99 186 133 1
176 97 212 130 1
203 93 238 130 1
231 96 263 132 1
260 91 292 128 1
285 91 317 129 1
311 92 342 130 1
341 90 375 129 1
370 93 399 128 1
403 92 437 124 1
429 94 460 127 1
460 90 491 127 1
502 90 534 127 1
530 89 559 126 1
566 89 593 124 1
594 86 623 125 1
625 83 651 121 1
653 84 683 124 1
993 53 1025 87 1
956 51 983 83 1
894 53 923 85 1
865 54 894 88 1
835 54 863 91 1
806 51 831 87 1
775 57 803 86 1
748 53 775 91 1
713 56 742 91 1
688 58 712 92 1
659 55 683 86 1
627 61 654 86 1
601 63 626 89 1
572 66 600 92 1
543 64 569 90 1
511 65 543 92 1
471 65 505 95 1
439 63 474 97 1
411 68 445 99 1
386 65 421 95 1
360 73 390 96 1
334 65 364 93 1
305 66 335 92 1
278 70 310 96 1
252 68 285 97 1
224 76 256 98 1
202 72 229 97 1
173 78 206 100 1
143 81 176 103 1
119 78 155 100 1
162 33 197 59 1
192 28 222 60 1
185 13 213 32 1
204 10 234 29 1
231 8 259 31 1
215 28 245 55 1
236 29 264 55 1
261 26 290 56 1
253 4 283 29 1
278 7 302 28 1
302 6 329 26 1
327 4 352 26 1
289 25 318 50 1
309 25 341 51 1
337 21 365 50 1
364 20 394 54 1
390 23 420 50 1
419 17 449 47 1
444 17 471 49 1
469 21 496 48 1
497 18 527 47 1
536 14 566 48 1
562 15 586 46 1
590 16 616 46 1
616 11 641 44 1
642 12 670 45 1
669 11 693 45 1
698 7 722 42 1
723 6 745 41 1
749 9 774 40 1
777 11 801 37 1
805 3 829 36 1
830 10 858 40 1
863 9 886 35 1
888 1 913 35 1
917 6 938 33 1
946 3 972 35 1
976 0 1004 33 1
1007 0 1028 30 1
1032 0 1062 33 1
1065 0 1091 31 1
353 0 381 20 1
378 2 402 21 1
404 0 426 20 1
425 0 449 23 1
451 0 477 18 1
475 0 500 19 1
500 0 525 18 1
535 0 564 18 1
569 0 588 17 1
590 0 617 17 1
1091 0 1122 32 1
0 130 23 152 1
618 0 645 14 1
