278 185 324 230 1
310 185 355 233 1
345 185 388 233 1
375 184 421 232 1
409 187 452 232 1
461 184 503 230 1
500 186 535 229 1
534 186 567 232 1
565 184 599 230 1
598 186 634 230 1
632 187 664 226 1
665 186 699 227 1
702 184 734 222 1
775 182 807 225 1
844 183 879 222 1
226 267 280 310 1
259 265 312 310 1
295 266 344 312 1
335 268 386 310 1
377 268 424 312 1
426 269 471 310 1
458 267 503 311 1
503 264 546 306 1
537 266 580 307 1
573 263 618 308 1
614 263 655 307 1
648 264 688 307 1
689 260 727 309 1
202 304 249 361 1
234 305 291 363 1
272 301 323 361 1
307 308 359 365 1
349 306 396 364 1
410 307 449 368 1
443 306 497 366 1
481 309 529 365 1
523 304 571 364 1
565 310 604 364 1
606 310 648 364 1
690 310 724 361 1
725 311 766 362 1
808 308 848 360 1
972 307 1022 360 1
1059 304 1113 358 1
127 413 185 473 1
165 417 223 473 1
211 417 268 474 1
254 416 307 472 1
295 421 349 475 1
362 420 412 471 1
405 416 457 472 1
446 416 508 477 1
492 418 545 475 1
535 420 588 478 1
580 419 626 477 1
625 418 672 481 1
669 419 717 475 1
718 417 764 479 1
763 417 809 476 1
856 422 909 482 1
295 499 363 562 1
351 501 418 558 1
624 507 683 570 1
107 574 211 615 1
185 636 227 711 1
252 623 303 711 1
1103 507 1202 552 1
1115 560 1226 596 1
1133 601 1230 642 1
89 410 150 477 1
61 408 120 466 1
11 413 73 473 1
162 362 245 397 1
731 366 801 411 1
128 307 178 360 1
168 309 211 357 1
193 268 239 309 1
159 270 205 308 1
124 268 171 306 1
91 271 134 310 1
61 269 106 312 1
34 262 72 311 1
0 308 39 362 1
27 311 69 359 1
57 307 105 359 1
95 305 140 357 1
678 142 708 183 1
643 144 672 188 1
571 146 607 188 1
536 152 573 191 1
508 151 540 190 1
474 152 507 188 1
427 153 464 187 1
395 149 425 187 1
358 149 395 190 1
330 154 364 188 1
304 156 334 187 1
270 157 306 188 1
237 160 277 189 1
209 158 244 193 1
185 156 218 193 1
158 153 189 192 1
122 163 162 190 1
92 162 129 194 1
68 163 102 196 1
34 166 72 195 1
247 188 290 228 1
219 188 256 228 1
186 193 226 230 1
155 190 194 229 1
127 191 164 233 1
93 191 134 233 1
65 193 106 234 1
38 196 77 237 1
4 194 51 235 1
990 52 1023 85 1
958 53 987 84 1
897 51 923 87 1
866 53 893 88 1
837 53 864 89 1
808 55 833 90 1
776 55 805 89 1
751 52 774 92 1
715 56 744 94 1
687 58 715 91 1
660 58 684 87 1
655 86 684 122 1
620 85 651 127 1
627 64 654 87 1
594 90 619 125 1
562 91 589 126 1
531 92 563 128 1
499 92 530 129 1
456 96 490 128 1
427 96 461 127 1
399 96 428 125 1
369 93 404 127 1
339 93 371 131 1
311 92 346 131 1
286 93 315 132 1
258 94 291 132 1
231 95 264 134 1
200 97 238 136 1
172 101 208 138 1
149 101 183 137 1
123 102 159 137 1
94 104 135 138 1
114 79 148 107 1
142 79 174 108 1
171 76 204 104 1
196 77 226 100 1
226 75 253 97 1
248 67 278 99 1
275 70 305 97 1
303 66 332 90 1
331 69 359 92 1
352 71 381 93 1
385 62 415 96 1
417 70 443 96 1
441 64 470 97 1
470 67 504 93 1
513 68 541 93 1
543 65 570 95 1
573 66 597 94 1
600 62 627 86 1
2 116 37 133 1
3 100 45 119 1
20 91 64 111 1
28 79 75 100 1
40 66 86 84 1
53 57 94 75 1
65 44 111 63 1
80 31 115 53 1
91 22 129 44 1
105 9 149 21 1
96 17 142 33 1
163 30 197 62 1
190 26 220 62 1
218 26 243 52 1
235 27 265 57 1
263 25 290 56 1
292 23 312 51 1
316 25 338 53 1
339 24 365 49 1
361 23 388 50 1
389 22 418 52 1
418 23 441 50 1
439 20 471 51 1
469 19 494 48 1
494 21 525 48 1
532 18 560 48 1
558 19 587 46 1
587 18 615 43 1
615 12 642 41 1
642 13 670 42 1
671 13 695 44 1
699 10 722 40 1
720 6 747 39 1
743 9 774 36 1
778 11 802 41 1
804 3 829 37 1
834 8 858 38 1
857 6 885 40 1
886 6 914 31 1
913 4 941 32 1
942 9 974 36 1
970 5 1004 34 1
1006 6 1031 31 1
1034 5 1058 26 1
1061 0 1092 26 1
192 8 216 27 1
211 5 234 34 1
235 3 260 28 1
258 3 288 29 1
282 4 307 28 1
301 3 328 33 1
328 4 353 25 1
353 3 379 26 1
381 4 404 21 1
405 2 428 19 1
429 1 451 22 1
451 1 478 20 1
480 2 503 21 1
505 3 527 19 1
540 0 567 21 1
0 273 49 313 1
0 133 25 150 1
569 0 590 18 1
595 0 618 17 1
621 0 643 15 1
647 0 672 14 1
