278 185 324 230 1
310 185 355 233 1
345 185 388 233 1
409 187 452 232 1
534 186 567 232 1
565 184 599 230 1
665 186 699 227 1
735 182 772 225 1
807 183 842 222 1
956 177 992 222 1
1022 175 1068 220 1
226 267 280 310 1
259 265 312 310 1
295 266 344 312 1
335 268 386 310 1
377 268 424 312 1
503 264 546 306 1
573 263 618 308 1
689 260 727 309 1
728 264 766 307 1
763 260 807 306 1
809 254 848 306 1
849 257 889 310 1
885 254 931 307 1
1011 256 1054 307 1
1051 258 1098 306 1
234 305 291 363 1
307 308 359 365 1
349 306 396 364 1
410 307 449 368 1
443 306 497 366 1
481 309 529 365 1
565 310 604 364 1
606 310 648 364 1
643 312 685 363 1
690 310 724 361 1
725 311 766 362 1
767 310 804 362 1
808 308 848 360 1
888 311 934 359 1
934 309 976 362 1
972 307 1022 360 1
1017 311 1062 360 1
1059 304 1113 358 1
127 413 185 473 1
165 417 223 473 1
211 417 268 474 1
254 416 307 472 1
295 421 349 475 1
362 420 412 471 1
405 416 457 472 1
446 416 508 477 1
535 420 588 478 1
625 418 672 481 1
669 419 717 475 1
763 417 809 476 1
811 421 858 480 1
856 422 909 482 1
903 421 957 480 1
952 418 1004 482 1
997 419 1054 485 1
1045 417 1098 481 1
1089 416 1151 479 1
42 501 110 555 1
87 500 158 561 1
141 501 211 563 1
295 499 363 562 1
351 501 418 558 1
518 504 581 563 1
576 505 629 567 1
624 507 683 570 1
369 648 422 719 1
298 647 353 719 1
252 625 303 702 1
187 641 240 705 1
486 651 543 719 1
548 651 596 719 1
932 649 977 719 1
1184 665 1268 719 1
1158 599 1250 644 1
1106 511 1201 555 1
1199 439 1279 516 1
1249 414 1279 484 1
1150 317 1200 378 1
1197 314 1244 363 1
1175 264 1223 313 1
1159 220 1199 266 1
739 491 788 558 1
916 489 957 559 1
0 487 61 557 1
12 411 71 472 1
55 406 117 476 1
192 271 236 311 1
158 270 203 314 1
121 269 173 314 1
28 267 80 310 1
0 311 45 356 1
24 309 76 356 1
5 201 40 239 1
36 194 75 230 1
61 193 110 233 1
34 166 77 197 1
95 161 133 191 1
120 164 158 196 1
149 158 189 196 1
176 158 217 194 1
203 159 247 191 1
185 192 227 233 1
219 188 258 232 1
271 154 306 186 1
251 191 286 225 1
300 151 338 190 1
332 158 368 187 1
426 145 463 189 1
472 157 507 194 1
542 152 574 188 1
634 145 672 189 1
810 145 839 184 1
874 145 909 183 1
911 146 940 184 1
945 142 979 180 1
1005 78 1032 117 1
993 49 1023 82 1
964 78 993 115 1
925 53 958 87 1
1033 3 1064 29 1
1008 2 1034 31 1
978 0 1001 33 1
871 82 900 118 1
867 55 892 81 1
833 53 862 81 1
835 82 869 120 1
745 83 776 123 1
714 62 742 92 1
650 85 681 123 1
599 65 627 94 1
563 93 591 124 1
531 86 561 128 1
501 91 531 127 1
513 67 541 93 1
455 93 488 130 1
950 0 975 35 1
920 0 947 29 1
888 0 916 34 1
837 2 860 37 1
808 5 830 39 1
780 0 801 39 1
752 0 773 35 1
723 2 744 44 1
670 14 696 44 1
641 10 670 42 1
611 11 641 45 1
587 10 615 45 1
563 10 595 47 1
476 2 505 27 1
457 0 480 19 1
436 17 470 52 1
427 0 454 25 1
379 1 405 23 1
361 22 390 50 1
336 21 370 51 1
330 1 356 23 1
312 20 341 53 1
236 28 268 56 1
212 27 246 57 1
164 34 202 64 1
183 8 216 33 1
96 16 139 36 1
415 72 448 93 1
399 90 430 127 1
371 95 401 130 1
356 69 389 97 1
304 69 336 104 1
276 66 308 103 1
248 66 281 105 1
220 75 255 105 1
197 77 228 99 1
172 75 200 102 1
144 78 180 111 1
115 80 151 113 1
179 99 214 131 1
148 101 186 133 1
85 24 127 45 1
78 34 119 52 1
73 45 109 65 1
55 56 96 73 1
36 67 86 88 1
12 87 61 112 1
5 104 48 124 1
0 117 38 139 1
698 0 720 20 1
