278 185 324 230 1
310 185 355 233 1
345 185 388 233 1
375 184 421 232 1
409 187 452 232 1
461 184 503 230 1
500 186 535 229 1
534 186 567 232 1
565 184 599 230 1
598 186 634 230 1
632 187 664 226 1
665 186 699 227 1
702 184 734 222 1
775 182 807 225 1
844 183 879 222 1
226 267 280 310 1
259 265 312 310 1
295 266 344 312 1
335 268 386 310 1
377 268 424 312 1
426 269 471 310 1
458 267 503 311 1
503 264 546 306 1
537 266 580 307 1
573 263 618 308 1
614 263 655 307 1
648 264 688 307 1
689 260 727 309 1
728 264 766 307 1
202 304 249 361 1
234 305 291 363 1
272 301 323 361 1
307 308 359 365 1
349 306 396 364 1
410 307 449 368 1
443 306 497 366 1
481 309 529 365 1
523 304 571 364 1
565 310 604 364 1
606 310 648 364 1
643 312 685 363 1
690 310 724 361 1
725 311 766 362 1
808 308 848 360 1
888 311 934 359 1
972 307 1022 360 1
1059 304 1113 358 1
127 413 185 473 1
165 417 223 473 1
211 417 268 474 1
254 416 307 472 1
295 421 349 475 1
362 420 412 471 1
405 416 457 472 1
446 416 508 477 1
492 418 545 475 1
535 420 588 478 1
580 419 626 477 1
625 418 672 481 1
669 419 717 475 1
718 417 764 479 1
763 417 809 476 1
811 421 858 480 1
856 422 909 482 1
903 421 957 480 1
295 499 363 562 1
351 501 418 558 1
624 507 683 570 1
247 628 308 700 1
180 637 233 710 1
1110 508 1200 552 1
1120 559 1221 599 1
1133 602 1228 646 1
1217 436 1279 512 1
763 357 795 415 1
92 410 156 477 1
64 405 121 466 1
12 408 74 470 1
0 411 30 465 1
169 307 212 359 1
131 305 178 360 1
94 301 143 360 1
57 308 109 356 1
25 308 71 359 1
0 306 38 360 1
196 269 237 313 1
161 269 204 310 1
126 266 173 303 1
95 270 137 306 1
62 265 108 311 1
32 261 77 306 1
0 270 44 309 1
248 189 293 230 1
219 186 256 228 1
187 190 225 230 1
158 189 196 226 1
125 187 167 230 1
93 191 137 233 1
68 192 112 231 1
39 195 79 234 1
3 194 50 236 1
34 166 69 195 1
64 161 103 189 1
93 160 132 191 1
119 160 162 192 1
156 151 191 191 1
182 156 219 187 1
210 157 251 190 1
239 156 275 187 1
268 157 303 189 1
300 157 333 186 1
327 154 364 187 1
360 147 394 186 1
395 147 427 188 1
429 146 467 185 1
473 151 511 185 1
508 150 541 187 1
539 152 577 186 1
578 148 607 185 1
637 145 670 183 1
679 141 702 185 1
991 51 1023 85 1
953 52 988 85 1
893 53 923 84 1
865 55 893 88 1
836 52 861 89 1
805 55 832 90 1
777 56 803 90 1
749 54 774 93 1
716 56 744 95 1
687 57 713 93 1
660 56 683 87 1
655 83 683 123 1
626 61 653 88 1
623 85 651 125 1
600 63 625 93 1
593 88 623 126 1
571 63 600 90 1
564 91 591 125 1
540 65 569 92 1
532 90 564 123 1
513 66 541 92 1
502 91 533 127 1
473 65 503 92 1
461 89 498 124 1
440 60 472 97 1
430 91 463 124 1
400 93 435 124 1
371 95 404 125 1
342 94 374 129 1
312 92 344 126 1
287 91 318 126 1
261 93 291 125 1
230 95 265 131 1
204 95 240 132 1
176 99 211 134 1
151 101 185 134 1
122 101 157 133 1
96 102 132 137 1
120 80 153 103 1
146 80 179 103 1
171 77 207 103 1
198 77 231 99 1
225 74 253 98 1
252 67 282 94 1
279 70 312 94 1
308 65 334 96 1
335 66 360 95 1
360 71 389 95 1
384 63 418 93 1
413 68 445 91 1
0 116 37 138 1
3 102 47 123 1
21 93 66 110 1
27 81 72 100 1
41 67 81 88 1
53 60 95 73 1
63 43 108 65 1
79 35 118 53 1
94 26 132 46 1
100 19 140 32 1
109 7 149 23 1
119 0 160 10 1
164 31 198 60 1
190 29 218 57 1
187 15 214 34 1
210 12 234 29 1
231 8 256 30 1
213 26 243 56 1
236 28 265 56 1
260 29 287 56 1
287 30 313 55 1
315 26 336 52 1
336 22 365 52 1
361 23 387 50 1
389 23 412 50 1
418 22 439 49 1
442 21 467 51 1
466 19 493 50 1
496 20 523 48 1
532 18 559 48 1
560 19 587 47 1
587 19 610 45 1
617 14 641 40 1
645 13 669 41 1
669 11 694 43 1
695 9 721 43 1
722 13 747 40 1
748 13 773 42 1
778 13 801 40 1
805 4 830 39 1
831 9 855 36 1
861 4 885 35 1
889 6 912 35 1
913 6 940 35 1
946 9 975 34 1
974 1 999 34 1
1001 3 1029 35 1
1032 2 1061 29 1
1063 0 1093 27 1
256 3 285 27 1
279 6 304 29 1
302 4 329 27 1
324 1 353 26 1
350 2 379 22 1
378 0 405 24 1
400 0 427 22 1
427 0 450 22 1
449 0 476 20 1
472 0 501 22 1
503 0 527 20 1
542 0 565 16 1
566 0 591 18 1
593 0 616 19 1
616 0 648 15 1
1090 0 1118 34 1
0 129 25 152 1
90 0 1119 33 1
0 133 24 152 1
