278 185 324 230 1
310 185 355 233 1
345 185 388 233 1
375 184 421 232 1
409 187 452 232 1
461 184 503 230 1
500 186 535 229 1
534 186 567 232 1
565 184 599 230 1
598 186 634 230 1
632 187 664 226 1
665 186 699 227 1
702 184 734 222 1
735 182 772 225 1
775 182 807 225 1
807 183 842 222 1
844 183 879 222 1
880 182 915 219 1
917 182 956 222 1
1022 175 1068 220 1
226 267 280 310 1
259 265 312 310 1
295 266 344 312 1
335 268 386 310 1
377 268 424 312 1
426 269 471 310 1
458 267 503 311 1
503 264 546 306 1
537 266 580 307 1
573 263 618 308 1
614 263 655 307 1
648 264 688 307 1
689 260 727 309 1
728 264 766 307 1
763 260 807 306 1
202 304 249 361 1
234 305 291 363 1
272 301 323 361 1
307 308 359 365 1
349 306 396 364 1
410 307 449 368 1
443 306 497 366 1
481 309 529 365 1
523 304 571 364 1
565 310 604 364 1
606 310 648 364 1
643 312 685 363 1
690 310 724 361 1
725 311 766 362 1
808 308 848 360 1
851 311 891 362 1
934 309 976 362 1
1017 311 1062 360 1
1059 304 1113 358 1
127 413 185 473 1
165 417 223 473 1
211 417 268 474 1
254 416 307 472 1
295 421 349 475 1
362 420 412 471 1
405 416 457 472 1
446 416 508 477 1
492 418 545 475 1
535 420 588 478 1
580 419 626 477 1
625 418 672 481 1
718 417 764 479 1
763 417 809 476 1
856 422 909 482 1
903 421 957 480 1
997 419 1054 485 1
1089 416 1151 479 1
120 630 187 710 1
899 487 948 564 1
1118 546 1216 595 1
1138 591 1241 634 1
815 363 871 421 1
85 401 159 472 1
60 409 107 470 1
15 401 76 474 1
1 411 30 462 1
163 308 213 364 1
133 308 178 357 1
98 303 142 357 1
60 303 114 360 1
30 308 76 360 1
2 310 39 357 1
3 268 39 304 1
33 267 73 306 1
64 259 113 304 1
97 269 135 304 1
130 266 170 304 1
164 266 206 310 1
193 268 237 306 1
1018 138 1053 172 1
942 136 981 185 1
911 136 945 183 1
868 136 909 181 1
809 140 841 181 1
774 141 806 186 1
738 144 770 182 1
702 144 734 178 1
670 137 699 185 1
635 145 670 187 1
605 144 636 186 1
580 146 604 186 1
541 144 578 186 1
513 155 543 186 1
477 148 510 191 1
432 151 465 189 1
400 150 431 189 1
364 151 400 189 1
334 151 366 189 1
300 154 332 192 1
272 153 308 192 1
248 188 286 231 1
214 186 254 234 1
188 185 229 230 1
210 155 245 188 1
239 155 276 191 1
177 156 214 193 1
156 157 191 193 1
123 160 164 193 1
95 161 139 194 1
139 161 139 161 1
90 189 136 237 1
124 190 164 234 1
159 190 193 230 1
68 195 108 231 1
34 191 77 239 1
11 190 48 232 1
38 167 75 194 1
69 160 107 194 1
95 102 130 141 1
124 102 158 136 1
148 100 179 136 1
174 98 207 137 1
205 101 234 133 1
226 95 262 132 1
259 96 287 129 1
288 92 315 129 1
309 93 348 130 1
340 90 372 132 1
372 90 372 90 1
371 92 397 129 1
398 95 432 130 1
426 92 457 127 1
460 91 490 125 1
504 88 531 127 1
528 86 560 129 1
563 95 593 123 1
593 89 621 122 1
622 88 651 122 1
652 83 685 124 1
680 82 711 123 1
715 85 741 119 1
744 80 774 119 1
778 79 805 118 1
809 80 836 122 1
865 78 894 122 1
900 77 931 122 1
935 114 935 115 1
935 82 967 115 1
993 53 1021 91 1
961 54 991 86 1
929 50 959 87 1
895 53 925 80 1
865 58 889 83 1
837 56 860 89 1
808 58 831 88 1
781 57 804 82 1
745 54 773 86 1
716 54 743 91 1
690 54 712 86 1
660 63 682 88 1
628 64 654 88 1
602 58 628 89 1
574 64 600 95 1
543 68 569 95 1
511 69 542 91 1
473 66 503 91 1
431 70 468 97 1
409 70 443 95 1
384 68 415 96 1
360 67 392 96 1
329 74 360 95 1
296 69 338 96 1
281 72 311 97 1
249 70 284 100 1
225 75 260 103 1
200 75 234 102 1
179 75 209 104 1
148 80 180 105 1
119 80 158 108 1
3 115 38 138 1
11 104 54 120 1
24 92 65 109 1
29 83 77 101 1
44 69 84 85 1
55 55 99 75 1
66 43 110 67 1
81 33 120 52 1
84 26 131 44 1
101 13 142 33 1
165 29 197 63 1
192 31 220 59 1
215 25 246 57 1
240 26 271 57 1
266 21 289 57 1
287 18 317 51 1
308 20 339 56 1
338 20 367 53 1
361 19 392 50 1
389 17 416 53 1
417 19 442 50 1
434 18 466 54 1
465 14 494 49 1
496 18 521 51 1
532 17 556 48 1
561 13 586 45 1
586 18 614 52 1
614 18 640 47 1
640 9 665 45 1
665 12 689 43 1
693 9 719 41 1
722 5 747 42 1
748 10 775 41 1
778 9 802 34 1
811 3 830 42 1
834 4 860 36 1
865 6 886 36 1
893 7 913 35 1
916 6 942 40 1
948 3 971 34 1
978 2 1003 34 1
1002 3 1027 34 1
1036 3 1058 30 1
1065 2 1093 29 1
185 8 215 28 1
212 6 237 30 1
235 7 256 28 1
254 4 279 27 1
285 2 299 26 1
306 3 328 23 1
1088 0 1119 28 1
112 4 153 27 1
121 0 162 16 1
0 126 18 149 1
329 0 354 23 1
353 0 379 24 1
376 0 403 22 1
405 0 430 21 1
428 0 453 21 1
451 0 478 24 1
478 0 501 17 1
504 0 526 22 1
542 0 564 21 1
566 0 590 16 1
591 0 613 20 1
621 0 641 18 1
646 0 671 16 1
674 0 696 17 1
