278 185 324 230 1
310 185 355 233 1
345 185 388 233 1
665 186 699 227 1
956 177 992 222 1
1022 175 1068 220 1
226 267 280 310 1
295 266 344 312 1
335 268 386 310 1
426 269 471 310 1
537 266 580 307 1
689 260 727 309 1
809 254 848 306 1
849 257 889 310 1
885 254 931 307 1
1011 256 1054 307 1
307 308 359 365 1
349 306 396 364 1
481 309 529 365 1
523 304 571 364 1
565 310 604 364 1
725 311 766 362 1
767 310 804 362 1
888 311 934 359 1
254 416 307 472 1
295 421 349 475 1
362 420 412 471 1
405 416 457 472 1
446 416 508 477 1
492 418 545 475 1
535 420 588 478 1
580 419 626 477 1
625 418 672 481 1
669 419 717 475 1
763 417 809 476 1
811 421 858 480 1
856 422 909 482 1
903 421 957 480 1
952 418 1004 482 1
997 419 1054 485 1
1045 417 1098 481 1
1089 416 1151 479 1
141 501 211 563 1
518 504 581 563 1
117 631 183 719 1
292 646 354 716 1
372 643 426 719 1
679 655 729 718 1
928 636 989 719 1
1107 510 1195 555 1
1118 557 1210 595 1
1208 447 1269 526 1
1240 398 1279 464 1
900 489 952 563 1
739 485 785 564 1
0 407 46 464 1
191 269 243 320 1
839 145 874 188 1
908 135 941 189 1
671 142 702 188 1
604 145 639 189 1
576 152 605 189 1
300 151 338 193 1
238 155 281 197 1
248 186 290 230 1
125 160 170 198 1
97 161 136 197 1
9 188 57 234 1
0 113 38 140 1
92 106 133 140 1
123 102 156 135 1
149 97 186 131 1
256 98 294 129 1
314 95 347 126 1
342 95 374 123 1
371 94 401 127 1
361 69 390 96 1
411 68 442 102 1
440 69 472 91 1
428 89 463 126 1
459 88 487 124 1
513 69 542 98 1
601 68 629 94 1
621 87 650 125 1
713 87 742 118 1
775 77 803 122 1
807 56 832 91 1
836 55 861 89 1
932 80 963 116 1
991 50 1021 86 1
1031 1 1063 32 1
862 3 889 38 1
807 2 832 39 1
780 10 803 37 1
639 10 667 44 1
562 15 587 48 1
415 25 446 46 1
400 0 438 26 1
450 0 479 25 1
475 0 505 24 1
289 55 343 83 1
238 24 273 56 1
305 7 330 32 1
328 4 358 28 1
233 5 269 30 1
179 75 213 106 1
145 82 184 105 1
119 79 157 106 1
191 29 223 59 1
79 31 122 55 1
119 1 159 17 1
56 56 97 73 1
38 66 86 90 1
18 93 61 111 1
9 104 45 122 1
721 0 747 17 1
774 0 800 13 1
