484 653 540 719 1
292 650 349 714 1
878 661 918 719 1
1144 599 1239 640 1
1121 556 1227 597 1
1107 504 1196 549 1
1221 372 1273 429 1
1195 313 1244 364 1
1176 263 1220 312 1
1114 217 1182 261 1
1065 306 1115 369 1
1103 423 1153 492 1
1053 422 1098 489 1
1003 425 1048 486 1
953 422 998 487 1
906 424 948 486 1
904 491 949 558 1
738 492 782 556 1
630 486 675 565 1
300 488 358 565 1
198 482 255 554 1
150 485 208 555 1
855 418 900 486 1
811 422 847 483 1
763 416 803 483 1
718 418 752 484 1
676 416 709 474 1
634 420 668 481 1
585 423 625 480 1
541 413 581 481 1
497 417 539 476 1
455 416 494 475 1
404 417 453 477 1
364 419 410 475 1
301 418 350 476 1
259 415 302 477 1
216 419 265 476 1
169 413 223 474 1
131 416 182 471 1
94 418 147 469 1
48 410 106 475 1
10 419 68 472 1
0 411 36 472 1
73 374 141 408 1
1025 303 1064 362 1
1010 263 1049 310 1
1059 266 1098 304 1
968 257 1006 312 1
979 310 1020 361 1
934 308 974 360 1
928 263 966 307 1
889 263 922 307 1
890 300 925 361 1
851 307 880 353 1
850 262 878 308 1
807 260 838 303 1
806 303 844 358 1
769 303 802 357 1
770 257 804 301 1
731 264 765 305 1
731 303 767 360 1
690 305 724 356 1
694 264 726 304 1
657 267 688 306 1
647 305 678 359 1
620 256 652 306 1
607 304 643 358 1
579 263 616 311 1
569 310 609 358 1
541 264 580 309 1
534 312 570 357 1
502 266 542 311 1
493 308 531 363 1
468 271 506 309 1
455 308 495 362 1
430 265 468 308 1
413 309 457 362 1
374 270 412 310 1
351 305 393 360 1
334 271 378 312 1
300 272 345 312 1
312 310 356 361 1
280 306 323 358 1
244 311 285 357 1
261 270 304 313 1
227 271 269 311 1
202 310 248 358 1
171 313 214 354 1
191 267 235 312 1
159 267 202 312 1
124 271 170 311 1
92 268 135 310 1
55 269 108 312 1
23 272 76 311 1
0 273 39 314 1
0 310 41 357 1
26 310 75 356 1
60 304 111 358 1
93 310 143 355 1
126 311 176 360 1
1027 180 1064 219 1
1022 143 1053 183 1
982 143 1012 179 1
991 175 1025 220 1
948 146 980 180 1
956 177 988 221 1
911 145 937 177 1
920 177 949 225 1
875 142 905 178 1
873 179 913 223 1
843 142 871 183 1
842 180 874 217 1
808 146 839 183 1
807 182 841 224 1
777 149 803 180 1
776 180 803 222 1
740 146 771 183 1
740 184 770 226 1
708 147 739 186 1
702 182 727 226 1
671 143 701 188 1
665 180 695 226 1
635 149 666 182 1
630 182 660 227 1
608 144 633 184 1
599 183 630 227 1
575 151 604 187 1
563 188 598 228 1
542 154 571 187 1
531 184 565 227 1
508 152 540 188 1
498 183 527 226 1
476 154 511 192 1
463 188 494 229 1
429 156 463 189 1
414 191 451 228 1
395 158 429 186 1
378 187 416 232 1
361 152 397 190 1
346 188 383 229 1
330 154 365 190 1
313 192 353 227 1
304 149 337 186 1
281 181 321 228 1
269 153 305 190 1
251 190 291 229 1
235 151 276 188 1
218 187 261 233 1
190 187 228 230 1
208 157 248 189 1
182 161 219 188 1
151 163 187 192 1
125 163 164 195 1
92 160 139 192 1
61 164 104 194 1
32 160 75 200 1
0 196 47 235 1
31 192 83 236 1
65 193 113 231 1
100 194 139 233 1
128 193 167 231 1
158 184 199 232 1
1004 77 1034 115 1
990 46 1022 78 1
959 51 988 81 1
970 82 1002 121 1
928 51 958 85 1
933 82 965 119 1
897 77 930 115 1
898 53 925 82 1
864 55 894 85 1
872 78 897 119 1
836 55 861 86 1
838 83 865 119 1
806 57 833 86 1
806 84 835 118 1
777 55 802 87 1
777 85 804 122 1
745 61 775 85 1
745 84 774 119 1
722 59 743 91 1
712 91 738 119 1
692 62 714 90 1
682 88 711 121 1
662 64 686 93 1
652 91 678 122 1
629 64 658 90 1
623 84 654 123 1
601 66 627 86 1
593 85 625 127 1
569 65 600 88 1
564 89 594 124 1
543 63 571 96 1
533 96 567 127 1
516 68 543 95 1
498 92 528 130 1
471 68 507 96 1
457 87 493 127 1
441 68 474 94 1
426 94 461 129 1
417 74 446 95 1
398 96 431 131 1
383 68 418 97 1
368 98 403 131 1
356 74 387 97 1
342 95 374 127 1
331 68 362 99 1
311 92 346 130 1
306 71 335 94 1
275 72 310 100 1
247 75 287 101 1
222 77 257 104 1
201 72 234 103 1
168 78 206 103 1
145 83 177 105 1
121 74 155 108 1
93 100 132 135 1
122 102 162 134 1
147 99 187 137 1
176 101 214 132 1
202 99 236 132 1
227 100 266 132 1
256 96 295 127 1
285 91 321 129 1
0 127 25 151 1
0 117 38 136 1
4 103 49 127 1
16 91 61 112 1
26 79 73 102 1
38 67 88 89 1
53 56 97 76 1
67 49 105 65 1
74 35 118 51 1
83 27 128 46 1
95 16 141 35 1
108 9 147 26 1
116 0 156 15 1
165 32 199 61 1
194 30 222 58 1
211 11 239 29 1
215 23 248 55 1
234 8 263 24 1
255 4 291 27 1
282 7 312 25 1
307 5 333 25 1
328 0 356 23 1
355 0 375 20 1
376 0 402 25 1
404 0 430 22 1
423 0 451 23 1
448 0 477 19 1
477 0 503 24 1
501 0 527 19 1
540 0 566 20 1
566 0 592 18 1
594 0 618 22 1
618 0 643 20 1
239 25 270 55 1
264 25 297 56 1
287 26 321 54 1
313 23 344 54 1
339 19 367 51 1
364 23 393 49 1
389 20 414 50 1
413 22 441 50 1
440 19 467 49 1
466 19 496 48 1
491 19 517 49 1
531 19 557 49 1
560 16 585 46 1
587 20 617 47 1
613 18 642 43 1
641 13 666 44 1
670 12 695 40 1
698 10 719 38 1
722 9 744 38 1
748 11 773 38 1
776 6 800 38 1
808 6 830 36 1
835 7 859 35 1
864 6 889 37 1
892 1 916 34 1
920 1 940 34 1
947 4 974 33 1
976 0 1005 32 1
1007 0 1036 32 1
1035 0 1062 28 1
1065 0 1090 29 1
647 0 670 15 1
672 0 693 15 1
1181 663 1264 719 1
1094 0 1120 30 1
1139 181 1189 230 1
