987 180 1027 219 1
1022 175 1068 220 1
335 268 386 310 1
377 268 424 312 1
426 269 471 310 1
885 254 931 307 1
966 255 1014 309 1
202 304 249 361 1
272 301 323 361 1
349 306 396 364 1
443 306 497 366 1
481 309 529 365 1
523 304 571 364 1
606 310 648 364 1
643 312 685 363 1
725 311 766 362 1
808 308 848 360 1
934 309 976 362 1
972 307 1022 360 1
1017 311 1062 360 1
127 413 185 473 1
165 417 223 473 1
211 417 268 474 1
295 421 349 475 1
362 420 412 471 1
405 416 457 472 1
446 416 508 477 1
492 418 545 475 1
535 420 588 478 1
625 418 672 481 1
669 419 717 475 1
718 417 764 479 1
763 417 809 476 1
811 421 858 480 1
856 422 909 482 1
903 421 957 480 1
952 418 1004 482 1
997 419 1054 485 1
1089 416 1151 479 1
87 500 158 561 1
141 501 211 563 1
188 500 264 564 1
246 497 315 564 1
295 499 363 562 1
351 501 418 558 1
518 504 581 563 1
484 653 539 716 1
549 651 595 716 1
673 653 720 716 1
876 659 916 715 1
931 639 983 718 1
1105 508 1197 551 1
1118 547 1208 586 1
1130 598 1235 636 1
1167 645 1254 706 1
1174 265 1227 321 1
1203 319 1249 364 1
902 488 947 558 1
738 491 785 563 1
684 486 726 565 1
290 649 351 719 1
241 628 305 704 1
181 641 232 710 1
116 630 174 714 1
3 491 62 562 1
17 415 69 465 1
52 411 105 471 1
94 412 142 468 1
239 308 282 356 1
689 308 721 360 1
565 304 604 361 1
407 313 454 365 1
501 263 541 311 1
852 308 883 362 1
848 261 885 309 1
1065 304 1114 366 1
1051 262 1093 310 1
768 303 800 360 1
893 312 929 361 1
302 263 341 308 1
161 311 213 360 1
131 311 180 356 1
92 310 144 364 1
63 310 106 358 1
23 310 78 360 1
0 317 33 360 1
3 270 44 317 1
604 190 634 233 1
699 179 731 225 1
803 177 835 226 1
842 178 870 224 1
958 178 990 223 1
947 145 979 183 1
911 143 942 185 1
529 182 565 231 1
507 147 541 192 1
412 185 453 232 1
4 191 45 230 1
38 195 77 233 1
119 162 162 194 1
27 79 78 104 1
929 78 961 116 1
873 74 900 118 1
811 81 834 119 1
745 51 774 91 1
712 82 739 123 1
618 82 650 125 1
596 64 624 97 1
942 7 974 36 1
974 4 1002 31 1
691 9 720 47 1
640 10 666 44 1
589 13 617 45 1
530 11 561 50 1
386 23 418 51 1
362 21 395 52 1
333 22 365 53 1
287 28 319 54 1
280 6 311 32 1
380 71 417 103 1
324 70 361 103 1
230 96 263 129 1
200 80 230 106 1
173 80 199 104 1
145 102 182 139 1
43 71 87 87 1
52 58 95 75 1
59 45 105 64 1
113 1 155 17 1
190 30 221 60 1
214 30 246 59 1
182 12 215 38 1
208 9 242 36 1
471 69 502 103 1
578 414 627 483 1
1050 423 1100 487 1
927 261 963 312 1
311 309 353 359 1
542 0 566 19 1
569 0 593 23 1
501 0 528 25 1
0 127 22 149 1
613 656 662 719 1
0 408 30 469 1
