287 654 352 711 1
525 497 576 563 1
576 495 623 566 1
633 489 677 566 1
745 491 789 567 1
914 489 958 564 1
1035 494 1088 574 1
1114 512 1203 554 1
1123 561 1223 599 1
1144 596 1249 642 1
1246 403 1279 481 1
1191 297 1242 351 1
1150 180 1187 230 1
45 488 109 566 1
146 488 207 559 1
5 408 66 478 1
45 412 103 476 1
89 410 149 476 1
165 417 223 479 1
209 418 258 476 1
258 418 306 481 1
302 420 349 480 1
361 420 407 478 1
404 417 452 478 1
449 424 493 481 1
495 413 539 483 1
542 422 580 482 1
586 424 624 486 1
635 421 671 484 1
678 409 717 481 1
722 421 760 482 1
773 423 806 487 1
818 418 852 483 1
859 419 905 487 1
905 417 952 488 1
960 419 1002 490 1
1001 424 1050 495 1
1051 421 1100 493 1
1106 428 1146 493 1
1068 303 1112 363 1
1018 307 1066 363 1
1011 262 1048 310 1
976 307 1022 365 1
931 258 970 307 1
936 305 980 362 1
899 306 935 358 1
852 315 892 365 1
771 302 806 362 1
732 304 765 360 1
692 263 732 308 1
686 309 723 365 1
649 308 682 361 1
610 310 647 363 1
569 307 607 363 1
531 308 568 363 1
545 262 581 310 1
491 307 531 366 1
446 310 491 366 1
410 313 456 367 1
432 268 475 314 1
377 264 418 309 1
353 310 396 364 1
310 310 357 364 1
296 268 344 313 1
262 265 306 310 1
274 309 318 361 1
234 309 277 360 1
197 307 250 363 1
161 308 210 362 1
2 310 42 358 1
4 194 48 235 1
63 196 109 241 1
89 164 133 197 1
146 151 196 200 1
264 156 307 195 1
376 187 417 230 1
413 186 451 230 1
459 188 495 230 1
489 187 531 236 1
527 184 564 227 1
769 182 804 225 1
884 175 916 224 1
991 176 1026 220 1
1020 145 1052 183 1
1030 179 1068 221 1
741 81 770 123 1
638 149 671 193 1
469 153 510 190 1
430 145 466 190 1
456 92 492 129 1
470 67 502 94 1
508 68 542 103 1
571 65 601 99 1
620 87 648 123 1
686 62 716 99 1
751 8 774 39 1
837 4 865 40 1
530 16 564 49 1
502 1 531 27 1
281 95 318 128 1
338 22 368 54 1
312 23 340 54 1
34 67 80 92 1
46 55 98 77 1
90 100 132 136 1
117 101 157 135 1
116 81 149 104 1
166 75 202 112 1
197 75 229 103 1
219 77 252 106 1
163 30 199 62 1
184 9 217 33 1
218 34 245 56 1
231 4 262 31 1
255 8 287 35 1
263 27 293 56 1
286 23 316 55 1
668 9 694 42 1
538 0 571 18 1
0 130 25 151 1
1186 650 1258 719 1
