1096 420 1150 489 1
1108 512 1199 556 1
1129 558 1226 602 1
1041 418 1099 493 1
953 412 1000 487 1
721 411 763 477 1
630 411 668 478 1
588 418 624 482 1
543 412 582 480 1
452 403 501 478 1
452 309 492 361 1
359 308 399 359 1
307 309 355 365 1
275 308 317 356 1
199 307 251 360 1
194 269 236 314 1
92 309 140 360 1
60 306 108 360 1
26 308 76 360 1
2 309 42 356 1
24 267 75 313 1
124 194 172 231 1
65 196 113 231 1
38 194 80 232 1
4 185 50 232 1
1 410 32 467 1
23 407 75 464 1
59 413 116 467 1
133 408 186 472 1
171 411 223 471 1
262 404 307 472 1
299 420 347 472 1
374 408 426 474 1
1234 652 1277 716 1
