375 184 421 232 1
409 187 452 232 1
461 184 503 230 1
534 186 567 232 1
565 184 599 230 1
598 186 634 230 1
702 184 734 222 1
775 182 807 225 1
880 182 915 219 1
917 182 956 222 1
987 180 1027 219 1
1022 175 1068 220 1
259 265 312 310 1
295 266 344 312 1
335 268 386 310 1
377 268 424 312 1
426 269 471 310 1
458 267 503 311 1
503 264 546 306 1
537 266 580 307 1
573 263 618 308 1
648 264 688 307 1
728 264 766 307 1
809 254 848 306 1
885 254 931 307 1
966 255 1014 309 1
1011 256 1054 307 1
202 304 249 361 1
234 305 291 363 1
272 301 323 361 1
307 308 359 365 1
349 306 396 364 1
410 307 449 368 1
443 306 497 366 1
481 309 529 365 1
523 304 571 364 1
565 310 604 364 1
606 310 648 364 1
643 312 685 363 1
690 310 724 361 1
725 311 766 362 1
767 310 804 362 1
808 308 848 360 1
851 311 891 362 1
888 311 934 359 1
934 309 976 362 1
972 307 1022 360 1
1017 311 1062 360 1
1059 304 1113 358 1
127 413 185 473 1
165 417 223 473 1
211 417 268 474 1
254 416 307 472 1
295 421 349 475 1
362 420 412 471 1
405 416 457 472 1
446 416 508 477 1
492 418 545 475 1
535 420 588 478 1
580 419 626 477 1
625 418 672 481 1
669 419 717 475 1
718 417 764 479 1
763 417 809 476 1
811 421 858 480 1
856 422 909 482 1
903 421 957 480 1
952 418 1004 482 1
997 419 1054 485 1
1045 417 1098 481 1
1089 416 1151 479 1
42 501 110 555 1
141 501 211 563 1
188 500 264 564 1
246 497 315 564 1
295 499 363 562 1
351 501 418 558 1
518 504 581 563 1
576 505 629 567 1
624 507 683 570 1
289 650 347 717 1
353 652 405 718 1
0 493 55 554 1
691 496 728 561 1
742 491 784 561 1
911 492 958 559 1
1035 496 1086 574 1
1092 508 1199 554 1
1248 401 1278 479 1
1189 303 1241 349 1
1165 226 1209 274 1
86 409 143 472 1
48 407 103 474 1
8 406 62 476 1
2 309 38 354 1
93 311 140 352 1
124 305 178 361 1
161 305 209 356 1
158 267 205 304 1
91 270 139 310 1
56 261 105 315 1
1016 145 1054 180 1
636 146 670 190 1
745 81 772 122 1
840 54 864 90 1
1035 1 1064 29 1
840 5 864 36 1
749 3 776 40 1
696 6 720 41 1
668 10 697 42 1
622 87 649 119 1
477 151 511 188 1
430 145 469 188 1
259 155 306 196 1
146 150 196 198 1
88 160 135 195 1
63 194 110 236 1
31 196 74 234 1
2 195 47 236 1
88 105 131 139 1
147 106 187 133 1
164 78 200 106 1
193 79 222 106 1
218 78 252 103 1
256 95 288 131 1
275 75 308 99 1
284 96 318 123 1
381 69 417 100 1
437 67 471 101 1
459 95 486 132 1
468 67 502 95 1
512 71 540 97 1
542 68 574 97 1
500 93 531 131 1
562 18 592 48 1
536 17 562 48 1
494 19 525 48 1
506 0 531 21 1
541 1 568 20 1
565 1 592 20 1
363 21 395 47 1
338 22 366 50 1
313 23 340 51 1
320 4 357 24 1
288 24 318 50 1
261 27 294 53 1
255 8 286 31 1
215 31 249 53 1
168 34 202 59 1
78 56 107 89 1
107 7 146 25 1
120 0 156 14 1
548 643 587 719 1
0 134 22 149 1
